Time,V1,V2,V3,V4,V5,V6,V7,V8,V9,V10,V11,V12,V13,V14,V15,V16,V17,V18,V19,V20,V21,V22,V23,V24,V25,V26,V27,V28,Amount,Class
0,-1.359807134,-0.072781173,2.536346738,1.378155224,-0.33832077,0.462387778,0.239598554,0.098697901,0.36378697,0.090794172,-0.551599533,-0.617800856,-0.991389847,-0.311169354,1.468176972,-0.470400525,0.207971242,0.02579058,0.40399296,0.251412098,-0.018306778,0.277837576,-0.11047391,0.066928075,0.128539358,-0.189114844,0.133558377,-0.021053053,149.62,0
0,1.191857111,0.266150712,0.166480113,0.448154078,0.060017649,-0.082360809,-0.078802983,0.085101655,-0.255425128,-0.166974414,1.612726661,1.065235311,0.489095016,-0.143772296,0.635558093,0.463917041,-0.114804663,-0.18336127,-0.145783041,-0.069083135,-0.225775248,-0.638671953,0.101288021,-0.339846476,0.167170404,0.125894532,-0.008983099,0.014724169,2.69,1
1,-1.358354062,-1.340163075,1.773209343,0.379779593,-0.503198133,1.800499381,0.791460956,0.247675787,-1.514654323,0.207642865,0.624501459,0.066083685,0.717292731,-0.165945923,2.345864949,-2.890083194,1.109969379,-0.121359313,-2.261857095,0.524979725,0.247998153,0.771679402,0.909412262,-0.689280956,-0.327641834,-0.139096572,-0.055352794,-0.059751841,378.66,0
1,-0.966271712,-0.185226008,1.79299334,-0.863291275,-0.01030888,1.247203168,0.23760894,0.377435875,-1.387024063,-0.054951922,-0.226487264,0.178228226,0.50775687,-0.287923745,-0.631418118,-1.059647245,-0.684092786,1.965775003,-1.23262197,-0.208037781,-0.108300452,0.005273597,-0.190320519,-1.175575332,0.647376035,-0.221928844,0.062722849,0.061457629,123.5,0
2,-1.158233093,0.877736755,1.548717847,0.403033934,-0.407193377,0.095921462,0.592940745,-0.270532677,0.817739308,0.753074432,-0.822842878,0.53819555,1.345851593,-1.119669835,0.17512113,-0.451449183,-0.237033239,-0.038194787,0.803486925,0.40854236,-0.009430697,0.798278495,-0.13745808,0.141266984,-0.206009588,0.502292224,0.21942223,0.215153147,69.99,0
2,-0.425965884,0.960523045,1.141109342,-0.16825208,0.420986881,-0.029727552,0.476200949,0.260314333,-0.568671376,-0.371407197,1.34126198,0.359893837,-0.358090653,-0.1371337,0.517616807,0.401725896,-0.058132823,0.068653149,-0.033193788,0.084967672,-0.208253515,-0.559824796,-0.026397668,-0.371426583,-0.232793817,0.105914779,0.253844225,0.081080257,3.67,0
4,1.229657635,0.141003507,0.045370774,1.202612737,0.191880989,0.272708123,-0.005159003,0.08121294,0.464959995,-0.099254321,-1.416907243,-0.153825826,-0.751062716,0.167371963,0.050143594,-0.443586798,0.002820512,-0.61198734,-0.045575045,-0.219632553,-0.167716266,-0.270709726,-0.154103787,-0.780055415,0.750136936,-0.257236846,0.03450743,0.005167769,4.99,0
7,-0.644269442,1.417963545,1.074380376,-0.492199018,0.948934095,0.428118463,1.120631358,-3.807864239,0.615374731,1.249376178,-0.619467796,0.291474353,1.757964214,-1.32386522,0.686132504,-0.076126999,-1.222127345,-0.35822157,0.324504731,-0.156741852,1.94346534,-1.01545471,0.05750353,-0.649709006,-0.415266566,-0.051634297,-1.206921081,-1.085339188,40.8,0
7,-0.894286082,0.286157196,-0.113192213,-0.27152613,2.66959866,3.721818061,0.370145128,0.851084443,-0.392047587,-0.410430433,-0.705116587,-0.110452262,-0.286253632,0.07435536,-0.32878305,-0.210077268,-0.499767969,0.118764861,0.570328167,0.052735669,-0.0734251,-0.268091632,-0.20423267,1.011591802,0.37320468,-0.384157308,0.011747356,0.14240433,93.2,0
9,-0.338261752,1.119593376,1.044366552,-0.222187277,0.499360806,-0.246761101,0.651583206,0.069538587,-0.736727316,-0.366845639,1.017614468,0.83638957,1.006843514,-0.443522817,0.150219101,0.739452777,-0.540979922,0.47667726,0.451772964,0.203711455,-0.246913937,-0.633752642,-0.120794084,-0.385049925,-0.069733046,0.094198834,0.246219305,0.083075649,3.68,0
10,1.449043781,-1.176338825,0.913859833,-1.375666655,-1.971383165,-0.629152139,-1.423235601,0.048455888,-1.720408393,1.626659058,1.19964395,-0.671439778,-0.513947153,-0.095045045,0.230930409,0.031967467,0.253414716,0.854343814,-0.221365414,-0.387226474,-0.009301897,0.313894411,0.027740158,0.500512287,0.251367359,-0.129477954,0.042849871,0.016253262,7.8,0
10,0.384978215,0.616109459,-0.874299703,-0.094018626,2.924584378,3.317027168,0.470454672,0.538247228,-0.558894612,0.309755394,-0.259115564,-0.326143234,-0.090046723,0.362832369,0.928903661,-0.129486811,-0.809978926,0.35998539,0.707663826,0.125991576,0.049923686,0.238421512,0.009129869,0.99671021,-0.767314827,-0.492208295,0.042472442,-0.054337388,9.99,0
10,1.249998742,-1.221636809,0.383930151,-1.234898688,-1.485419474,-0.753230165,-0.689404975,-0.227487228,-2.094010573,1.323729274,0.227666231,-0.242681999,1.205416808,-0.317630527,0.72567499,-0.815612186,0.873936448,-0.847788599,-0.683192626,-0.102755942,-0.231809239,-0.48328533,0.084667691,0.392830885,0.161134554,-0.35499004,0.026415549,0.042422089,121.5,0
11,1.069373588,0.287722129,0.828612727,2.71252043,-0.178398016,0.33754373,-0.096716862,0.115981736,-0.221082566,0.460230444,-0.773656931,0.323387245,-0.011075887,-0.178485175,-0.655564278,-0.199925171,0.124005415,-0.980496202,-0.982916082,-0.153197231,-0.036875532,0.074412403,-0.071407433,0.104743753,0.548264725,0.104094153,0.021491058,0.021293311,27.5,0
12,-2.791854766,-0.327770757,1.641750161,1.767472744,-0.136588446,0.807596468,-0.42291139,-1.907107476,0.755712908,1.151086988,0.844555471,0.792943952,0.370448093,-0.734975106,0.40679571,-0.303057624,-0.155868715,0.778265457,2.221868014,-1.582122044,1.151663048,0.222181966,1.020586204,0.028316651,-0.232746324,-0.235557218,-0.164777512,-0.030153637,58.8,0
12,-0.752417043,0.345485415,2.057322913,-1.468643298,-1.15839368,-0.077849829,-0.608581418,0.003603484,-0.436166984,0.747730827,-0.793980603,-0.770406729,1.047626997,-1.066603681,1.106953457,1.660113557,-0.279265373,-0.419994141,0.432535349,0.263450864,0.499624955,1.353650486,-0.25657328,-0.065083708,-0.039124354,-0.087086473,-0.1809975,0.129394059,15.99,0
12,1.103215435,-0.040296215,1.267332089,1.28909147,-0.735997164,0.288069163,-0.586056786,0.189379714,0.782332892,-0.267975067,-0.45031128,0.936707715,0.708380406,-0.468647288,0.354574063,-0.246634656,-0.009212378,-0.595912406,-0.575681622,-0.113910177,-0.024612006,0.196001953,0.013801654,0.103758331,0.364297541,-0.382260574,0.092809187,0.037050517,12.99,0
13,-0.436905071,0.918966213,0.924590774,-0.727219054,0.915678718,-0.127867352,0.707641607,0.087962355,-0.665271354,-0.737979824,0.324097813,0.277192107,0.252624256,-0.29189646,-0.184520169,1.143173707,-0.928709263,0.680469593,0.025436462,-0.047021282,-0.194795824,-0.672637997,-0.156857514,-0.888386321,-0.342413219,-0.049026729,0.079692399,0.131023789,0.89,0
14,-5.401257663,-5.450147834,1.186304631,1.7362388,3.049105878,-1.763405574,-1.559737699,0.160841747,1.23308974,0.345172827,0.917229868,0.970116716,-0.266567765,-0.479129929,-0.526608503,0.472004112,-0.725480945,0.075081352,-0.406866573,-2.196848025,-0.503600329,0.984459786,2.458588576,0.042118897,-0.481630824,-0.621272014,0.39205329,0.949594246,46.8,0
15,1.492935977,-1.029345732,0.454794734,-1.43802588,-1.555434101,-0.720961147,-1.08066413,-0.053127118,-1.978681595,1.638076037,1.077542412,-0.632046515,-0.416957167,0.052010515,-0.042978923,-0.166432496,0.304241419,0.554432499,0.054229515,-0.387910173,-0.177649846,-0.175073809,0.040002219,0.295813863,0.332930599,-0.220384851,0.022298436,0.007602256,5.0,0
16,0.694884776,-1.361819103,1.02922104,0.834159299,-1.191208794,1.309108819,-0.878585911,0.445290128,-0.446195832,0.568520735,1.019150613,1.298328701,0.420480265,-0.372650997,-0.807979513,-2.044557483,0.515663469,0.625847298,-1.300408169,-0.13833394,-0.295582932,-0.571955007,-0.050880701,-0.304214501,0.072001006,-0.42223443,0.086553398,0.063498649,231.71,0
17,0.96249607,0.328461026,-0.171479054,2.109204068,1.129565571,1.696037686,0.107711607,0.521502164,-1.191311102,0.724396315,1.690329921,0.406773576,-0.936421296,0.983739419,0.710910766,-0.602231772,0.402484376,-1.737162035,-2.027612322,-0.269320967,0.143997423,0.402491661,-0.048508221,-1.371866295,0.390813885,0.199963658,0.016370643,-0.014605328,34.09,0
18,1.166616382,0.502120088,-0.067300314,2.261569239,0.428804195,0.089473517,0.24114658,0.138081705,-0.989162395,0.922174967,0.744785789,-0.53137725,-2.10534645,1.126870105,0.003075323,0.424424506,-0.454475292,-0.098870627,-0.816597307,-0.307168509,0.018701872,-0.061972267,-0.103854922,-0.370415177,0.603200339,0.108555873,-0.040520706,-0.011417815,2.28,0
18,0.247491128,0.277665627,1.185470842,-0.09260255,-1.314393979,-0.150115998,-0.94636495,-1.617935051,1.544071402,-0.829880601,-0.583199527,0.524933232,-0.453375297,0.081393088,1.555204196,-1.396894893,0.783130838,0.436621214,2.177807168,-0.230983143,1.650180361,0.200454091,-0.185352508,0.423073148,0.820591262,-0.227631864,0.336634447,0.250475352,22.75,0
22,-1.946525131,-0.044900505,-0.405570068,-1.013057337,2.9419677,2.955053397,-0.063063147,0.855546309,0.0499669,0.573742508,-0.081256515,-0.215745003,0.044160628,0.033897757,1.190717675,0.578843475,-0.975667025,0.044062818,0.488602869,-0.216715254,-0.579525934,-0.799228953,0.870300215,0.983421493,0.321201133,0.149649877,0.707518836,0.014599752,0.89,0
22,-2.074294672,-0.121481799,1.32202063,0.410007514,0.295197546,-0.95953723,0.543985491,-0.104626728,0.475664018,0.149450615,-0.856566364,-0.180523156,-0.65523293,-0.279796856,-0.211667955,-0.33332061,0.010751094,-0.488472666,0.505751034,-0.386693573,-0.403639499,-0.227404004,0.742434864,0.398534855,0.249212161,0.274404274,0.359969356,0.243231672,26.43,0
23,1.17328461,0.353497877,0.283905065,1.133563318,-0.172577182,-0.916053707,0.369024845,-0.327260242,-0.246651028,-0.046139302,-0.143418527,0.979350376,1.492285435,0.101417526,0.761477545,-0.014584082,-0.511640117,-0.325056355,-0.390933798,0.027877909,0.067003304,0.227811928,-0.150487225,0.435045103,0.72482458,-0.33708206,0.016368379,0.030041191,41.88,0
23,1.322707269,-0.174040833,0.434555031,0.576037652,-0.836758046,-0.831083411,-0.264904961,-0.220981943,-1.071424618,0.868558548,-0.64150629,-0.111315775,0.36148541,0.171945122,0.782166532,-1.35587073,-0.216935153,1.271765385,-1.240621935,-0.522950941,-0.284375572,-0.323357411,-0.037709905,0.347150939,0.559639137,-0.280158166,0.042335258,0.0288223,16.0,0
23,-0.41428881,0.905437323,1.727452944,1.473471267,0.007442741,-0.200330677,0.740228319,-0.0292474,-0.593392019,-0.346188231,-0.012142188,0.786796316,0.635953883,-0.086324472,0.076803687,-1.405919334,0.775591738,-0.942888927,0.543969462,0.097307591,0.077237434,0.457330599,-0.038499725,0.642521903,-0.183891335,-0.277464019,0.182687486,0.152664645,33.0,0
23,1.059387115,-0.175319187,1.266129643,1.186109955,-0.786001753,0.578435276,-0.767084276,0.401046149,0.699499676,-0.064737556,1.048292488,1.005618365,-0.542001579,-0.039914502,-0.218683248,0.004475682,-0.193554039,0.042387962,-0.277833721,-0.178023367,0.013676294,0.21373361,0.014461849,0.00295086,0.294638015,-0.395069505,0.081461117,0.024220349,12.99,0
24,1.23742903,0.061042584,0.38052588,0.761564111,-0.35977071,-0.49408415,0.006494218,-0.13386238,0.438809737,-0.207358046,-0.929182115,0.527106061,0.348675901,-0.152535139,-0.21838563,-0.191551818,-0.116580603,-0.633790817,0.348415801,-0.066351335,-0.245682498,-0.530900256,-0.044265397,0.079168029,0.50913569,0.288857834,-0.022704982,0.011836231,17.28,0
25,1.114008595,0.08554609,0.493702487,1.335759985,-0.300188551,-0.010753783,-0.118760015,0.188616696,0.205686849,0.082262259,1.133555671,0.626699002,-1.492780392,0.520787894,-0.674592597,-0.529108242,0.158256198,-0.398751479,-0.145708909,-0.273832367,-0.05323366,-0.004760151,-0.03147017,0.198053718,0.565007313,-0.337718126,0.029057402,0.004452631,4.45,0
26,-0.529912284,0.873891581,1.347247329,0.145456677,0.414208858,0.100223094,0.711206083,0.176065957,-0.286716935,-0.484687683,0.87248959,0.85163586,-0.571745303,0.100974273,-1.519771833,-0.284375978,-0.310523585,-0.404247869,-0.823373524,-0.290347611,0.046949067,0.208104855,-0.185548347,0.00103066,0.098815701,-0.552903603,-0.073288084,0.023307045,6.14,0
26,-0.529912284,0.873891581,1.347247329,0.145456677,0.414208858,0.100223094,0.711206083,0.176065957,-0.286716935,-0.484687683,0.87248959,0.85163586,-0.571745303,0.100974273,-1.519771833,-0.284375978,-0.310523585,-0.404247869,-0.823373524,-0.290347611,0.046949067,0.208104855,-0.185548347,0.00103066,0.098815701,-0.552903603,-0.073288084,0.023307045,6.14,0
26,-0.535387763,0.865267808,1.351076288,0.147575474,0.433680212,0.086982938,0.693039311,0.179742261,-0.285641861,-0.482474471,0.87179958,0.853447435,-0.571821891,0.102252103,-1.519991203,-0.285912497,-0.309633387,-0.403901993,-0.823742994,-0.283263782,0.049525687,0.206536543,-0.18710807,0.000753014,0.098116606,-0.553470969,-0.078305502,0.025427378,1.77,0
26,-0.535387763,0.865267808,1.351076288,0.147575474,0.433680212,0.086982938,0.693039311,0.179742261,-0.285641861,-0.482474471,0.87179958,0.853447435,-0.571821891,0.102252103,-1.519991203,-0.285912497,-0.309633387,-0.403901993,-0.823742994,-0.283263782,0.049525687,0.206536543,-0.18710807,0.000753014,0.098116606,-0.553470969,-0.078305502,0.025427378,1.77,0
27,-0.246045949,0.473266903,1.695737554,0.262411488,-0.010866414,-0.610835935,0.793936546,-0.247252831,0.138879114,-0.401007068,-0.812050382,-0.183524462,-0.630112887,-0.286217451,-0.337046324,-0.428105474,-0.030602108,-0.504568166,0.355180278,0.045721127,-0.194599935,-0.335132726,-0.078179606,0.392783892,-0.031157147,0.198036799,-0.175347301,-0.203616156,30.49,0
27,-1.452187279,1.765123739,0.611668541,1.176824984,-0.445979892,0.246826452,-0.257566156,1.092472497,-0.607524461,0.047155553,0.783726853,1.096385674,-0.268094206,0.76864804,-0.524367354,-0.808816147,0.710386067,-0.118368787,0.979287836,0.008713334,0.082279817,0.325782191,-0.069107391,0.020961997,-0.044668488,-0.243441392,0.149180325,0.120556908,1.8,0
29,0.996369532,-0.122588787,0.546819473,0.706579541,0.134559557,1.156995112,-0.294561331,0.407429099,0.337862664,-0.408150493,0.682646124,1.253719685,0.391917044,-0.037510858,0.795301519,-1.668210591,1.322994882,-2.830035229,-1.463431688,-0.20346121,-0.076301837,0.108866913,0.16223094,-0.575624048,0.109794915,0.373813367,0.050552197,0.005105559,20.53,0
29,1.110880342,0.168716771,0.51714396,1.32540692,-0.191573354,0.019503723,-0.031849108,0.11761992,0.017664721,0.044864791,1.345074799,1.286339621,-0.252267066,0.274457682,-0.810394372,-0.587005063,0.087451074,-0.550473628,-0.154749355,-0.190119711,-0.037708654,0.095701462,-0.048197647,0.232114939,0.606200749,-0.342096829,0.036769605,0.007479961,6.54,0
32,1.24905472,-0.624727077,-0.710588904,-0.991600361,1.429973192,3.692977019,-1.090208641,0.967290815,0.850148519,-0.307081112,-0.456245308,0.22998135,-0.0169131,-0.220846086,0.362417699,0.315222304,-0.512265445,0.118994619,0.57472016,0.097852692,-0.006292714,0.009200225,-0.129463201,1.11297017,0.500382109,1.196549199,-0.048220435,0.005093622,29.89,0
32,-2.008871795,2.198526503,0.14424174,1.159432262,-0.815174288,0.182288271,-0.617108302,1.530816728,-0.586832286,0.129875751,0.658479448,1.265049218,-0.206518166,1.013603212,-0.54941351,-0.708034201,0.869643169,-0.09565956,0.944395409,0.028740125,0.094917307,0.294982704,0.011081384,0.015249372,0.034210636,-0.236141102,0.128290673,0.11798599,2.35,0
33,-0.607877143,1.031345078,1.740449737,1.23210555,0.41859226,0.119168119,0.850892666,-0.176267419,-0.243501348,0.14845549,-0.387003094,0.398299277,0.481916748,-0.365439093,0.235544572,-1.34781146,0.50464826,-0.798404511,0.759710307,0.254324778,-0.087329191,0.25831528,-0.264775023,0.118282367,0.173508081,-0.217041287,0.094311913,-0.033041296,14.8,0
33,-0.935731509,0.170415774,2.746261269,-1.077964912,-0.305594036,0.011577039,-0.296178451,0.40277557,-0.040471746,-0.852045976,1.552109306,0.95356103,0.415429902,-0.233899925,0.452335832,0.844368277,-0.822739086,0.338821622,-1.214234428,-0.00541945,0.401212016,1.064864254,-0.158325436,0.295505486,-0.259369648,0.754194723,0.04666377,0.093947918,9.1,0
34,-0.762255666,0.127767752,2.650056386,-1.875662771,-0.893356398,-0.268714889,-0.419863597,0.146233407,-0.86963529,-0.038651669,-0.686124387,-0.502910879,1.380826322,-1.039124606,0.652842089,1.898747563,-0.458413549,-0.559803243,-0.29510264,0.359392906,0.433349642,1.260402664,-0.404700036,0.094945523,0.480975977,-0.09068468,0.319222973,0.135599925,15.99,0
34,1.138315566,0.05695597,0.649418965,0.873062041,-0.468466331,-0.410194552,-0.013897554,-0.072439609,0.306787909,-0.269952637,-0.002601848,1.124304216,0.744206684,-0.188353421,-0.075661963,-0.709192272,0.381219103,-1.372080174,-0.273701149,-0.078354633,-0.164222415,-0.247400539,0.059405065,0.456286465,0.361004004,0.274414146,-0.002498362,0.017108847,21.34,0
34,-0.291540245,0.445575314,1.249752116,-1.73573589,0.085755559,-0.121924299,0.407715857,0.095309378,0.815902287,-1.491188012,-0.84619138,0.05653255,-0.05895353,0.151922602,1.982594882,-0.443295054,-0.318251412,0.064787167,0.613505272,-0.033522345,-0.064906147,-0.120448982,-0.156525634,-0.800212851,-0.000620392,-0.835203307,0.131001421,0.06289627,18.95,0
34,0.201685891,0.497483215,1.373912574,0.571405318,-0.63065775,-0.539659124,-0.076270291,-0.91710575,0.270008406,-0.480280682,-0.51253274,0.680906259,0.089923037,-0.157405057,-0.588819332,-0.477908446,0.225388796,-0.668680159,-0.023599421,-0.222302592,0.71896107,-0.17187687,-0.166205255,0.776471324,0.818460356,0.442547455,0.142757247,0.21923761,9.99,0
35,1.386396974,-0.794209465,0.778224191,-0.864708434,-1.06413228,0.351296174,-1.191454583,0.052685634,-0.304404039,0.576516809,-1.631111762,0.042559512,2.047898316,-0.739338429,1.456222044,-0.272049583,-0.932007398,1.9265322,-0.659939173,-0.273032887,-0.228726646,-0.12352242,-0.131025122,-0.929668179,0.181379006,1.194928064,0.000531332,0.019910623,30.9,0
35,-1.063235679,1.418190626,1.086672863,1.2414396,0.002306126,0.045901581,0.514120897,0.241252403,-0.154499951,0.280672622,-0.531948028,0.589857529,0.555086956,-0.116357329,0.165886171,-1.237210027,0.638414233,-0.776070595,0.69280589,0.235008926,-0.05722847,0.314152998,-0.129862928,0.114283708,-0.027812477,-0.259937016,0.11875364,-0.008956298,20.22,0
35,1.199355934,0.129953155,0.863584971,1.002634769,-0.783761015,-0.884679006,-0.040743276,-0.208068512,0.392477872,-0.2481779,-0.095362752,1.314131048,1.091681409,-0.409346352,-0.577994105,-0.581283742,0.21234268,-0.893181253,-0.020652885,-0.072620126,-0.042468086,0.198474052,-0.033009975,1.013290131,0.559097511,0.401817534,-0.005864656,0.017936032,0.99,0
36,-1.004929339,-0.985977681,-0.038038829,3.710061359,-6.631950832,5.122102581,4.371691256,-2.006867506,-0.278736461,-0.230872923,0.145155263,-0.06315605,-0.799585071,-0.341956368,-0.930529782,0.510510185,0.092428106,0.823984132,1.1903978,-0.001979978,1.393406004,-0.381671395,0.969719176,0.019444796,0.570922813,0.333277782,0.857373192,-0.075538246,1402.95,0
36,-1.169422458,1.15831387,1.406799536,0.860188897,-0.103809889,0.12203478,0.264451377,-0.108766589,-0.181976611,0.659592649,0.45631689,-0.09776271,-0.346158686,0.210182391,2.345229333,-1.172647683,0.860018874,-1.154224266,0.858768026,-0.120560178,0.024497904,-0.120153158,0.212986045,0.087535763,-0.946529684,0.226700389,-0.810100768,0.234956581,7.99,0
36,1.095524606,-0.116085346,1.397911915,1.4975469,-1.049123999,0.072838535,-0.72380208,0.287532473,0.996326812,-0.149144653,-0.508291669,-0.027840903,-1.321559752,-0.062404467,0.505750536,-0.209298471,0.207536534,-0.471334707,-0.736297582,-0.275034579,-0.033234172,0.093261885,0.089498395,0.361261298,0.250962948,-0.37827998,0.0810239,0.034226938,2.09,0
37,1.295667621,0.341483451,0.081505199,0.56674607,-0.110458773,-0.766324793,0.073154903,-0.168304138,0.07183711,-0.281043994,-0.549533939,0.049093162,0.303950023,-0.316750192,1.134897205,0.635909577,-0.199763166,-0.122051064,0.004516182,-0.065983383,-0.323607229,-0.929781372,0.063808806,-0.193565115,0.287574218,0.127880985,-0.023731193,0.025199673,0.99,0
38,0.158331782,0.872687435,0.965524582,1.802127161,0.139021981,0.1108631,0.559079186,-0.029070932,-0.394912254,0.03267448,-0.5009189,0.631916038,0.754693617,-0.047655469,0.348217617,-1.493526805,0.757230632,-0.684369216,1.303358759,0.089837783,0.116269966,0.691685039,0.12111283,0.116142168,-1.112725012,-0.303369145,0.327532804,0.255621383,21.76,0
39,-0.554064565,0.215728298,0.844264629,-0.753067316,0.03484847,-0.558597248,1.090400958,-0.203873232,0.262393622,-1.35471022,-0.09487988,0.953745992,0.836964039,0.1447522,1.156609532,-1.933020943,0.741348958,-0.513609928,1.567345387,0.383282933,0.212133973,0.702337604,-0.005700602,0.147346442,0.245651952,-0.44045621,0.147130419,0.139467732,120.96,0
39,-1.330881575,0.267540227,-0.168469574,-0.701232148,3.281971526,3.216389615,-0.059394352,0.895430428,-0.017778824,-0.165753218,-0.765047306,-0.015636283,-0.35662599,-0.041200001,-0.7351031,0.030533314,-0.778067288,-0.015159683,-0.152824068,-0.113875191,-0.151042302,-0.311726353,-0.374792813,1.01488604,0.353991877,-0.510327072,0.159032671,0.228707928,13.84,0
40,1.110692004,0.081941901,0.406063037,1.290740383,-0.169813148,0.120955383,-0.080845205,0.174373085,0.152070726,0.065266723,1.02454977,0.79313718,-1.015039703,0.422995452,-0.706629551,-0.488455358,0.058531448,-0.383627226,-0.074067698,-0.2198461,-0.056023985,-0.011603086,-0.070482892,0.004345191,0.603928641,-0.327424451,0.029889689,0.004944296,13.84,0
41,1.154312117,0.265462317,0.384870524,0.57500704,-0.217475465,-0.391519648,-0.081488957,0.06278949,-0.260583324,-0.161677217,2.052927777,1.130825934,0.189484506,-0.070792612,0.619345198,0.318582897,0.090232112,-0.331450412,-0.344721213,-0.099579746,-0.193213341,-0.557685063,0.169492069,0.186862704,0.089251983,0.09362623,-0.00963264,0.019667693,2.67,0
41,0.986063326,-0.202964587,-0.492768147,0.407691275,0.305660256,-0.230529179,0.585028086,-0.208224591,-0.247503448,-0.192253128,-0.628317496,0.430307933,0.81124802,0.371566359,1.026078849,-0.028501345,-0.307546103,-1.099654915,0.010738506,0.263505048,-0.305873933,-1.216555269,-0.077601526,-0.741340788,0.286881125,0.200346696,-0.075203351,0.027271219,169.05,0
41,1.138759336,-1.192952827,1.407130836,-0.330070103,-2.06950346,-0.242175406,-1.306635114,0.104510403,0.134628232,0.493931277,-0.895187598,-0.182695452,0.146080827,-0.586610839,0.797189022,-0.891720829,-0.079207821,1.541588494,-0.983586179,-0.299307434,-0.156198372,-0.030568777,-0.019723384,0.433752601,-0.02952146,1.141241302,-0.00861206,0.041563896,96.94,0
41,1.145524387,0.575067968,0.19400846,2.598191745,-0.092210023,-1.044429584,0.531587593,-0.241888127,-0.896287174,0.757952331,-0.448937078,-0.660863325,-1.308522173,0.788863794,0.320294451,0.29540381,-0.287878455,-0.451452923,-1.011446167,-0.191049987,0.011106334,-0.1197031,-0.076509528,0.691320431,0.633983977,0.048741274,-0.053191942,0.016251499,34.13,0
42,-0.249361328,0.399227373,0.068009334,-1.060618826,2.410399171,3.736573916,0.31644608,0.672296306,0.015140168,-0.269501562,-0.49512045,-0.16150583,-0.274214413,-0.276190768,-0.17240874,-0.118962106,-0.550002391,-0.14805164,0.771761783,0.107676349,-0.257662841,-0.61676229,-0.156668822,1.031134943,0.120617108,0.310494067,-0.288298624,-0.223964274,32.51,0
42,-0.522666281,1.009923002,0.276469595,1.475289459,-0.707012563,0.355242552,1.559848787,-0.399578612,-0.479812994,0.516352275,0.034330459,0.589225512,1.426909802,0.020510249,1.651336367,-0.961342569,0.246360059,-0.407537297,0.917399012,-0.013016021,0.172401477,1.01154336,0.069666273,0.157819741,-1.109224318,-0.302369335,0.318170337,0.31690956,243.66,0
44,-0.899992449,0.136254782,1.88366471,-0.208996096,1.05144062,1.905241336,0.24142325,0.647630723,-0.05346625,-0.504170551,1.254598807,-0.23662919,-2.51758729,0.384573507,0.343832097,-1.370563137,0.958567982,-1.607241693,-0.64725644,-0.121725831,-0.081500218,-0.016925889,-0.147706273,-1.384620203,-0.024352091,0.412659496,-0.106776268,-0.190475773,21.55,0
44,-0.714764019,0.514968589,1.821675627,0.616433633,0.848775615,-0.111938137,1.505617082,-0.798167298,0.244756559,0.264554167,-1.108114043,-0.359860225,-0.163471395,-0.783996855,-0.367152827,-0.65311889,-0.504299997,-0.26056036,0.435251052,0.107321716,-0.220075388,-0.01784471,-0.431938292,-0.130458459,0.337158592,-0.440041535,-0.674526157,-0.473217566,59.9,0
44,-0.948896383,0.24841362,2.956914245,2.813749991,0.145538802,-0.027352972,0.133701634,-0.307534957,-0.125243761,1.0349396,-0.53264784,-0.189877966,0.081222188,-0.939053268,0.08118723,-0.129784753,-0.174353463,-0.090290993,0.222434544,-0.056186326,-0.083646907,0.416090082,0.207536735,0.716064035,-0.602311115,-0.064230014,-0.315057518,-0.272463332,0.75,0
44,0.927060249,-0.323683972,0.387584831,0.544473989,0.246787395,1.650357805,-0.427576017,0.615370698,0.226278275,-0.225495241,1.944544873,1.385159954,-0.479261671,0.314166276,0.214167231,-1.333716473,1.002869021,-2.119313502,-1.053043056,-0.185390375,-0.040513048,0.079359401,0.096631746,-0.992568669,0.085095829,0.377447205,0.036096421,-0.005960286,45.71,0
46,-1.923213204,-0.870482324,2.320169629,1.988775801,0.417090785,-0.380013723,0.47213927,-0.557333241,-0.64907905,1.410888883,-0.517736958,-0.985201773,-0.400594745,-0.830664636,0.338009486,0.029924176,0.371150311,-1.054318672,1.890363924,-0.369227398,-0.686487767,-0.779267566,1.086055019,0.518863427,-0.363712018,3.065575697,-0.589022175,-0.396109823,35.0,0
46,1.006588583,-0.071105357,0.34761371,1.329684046,-0.193239541,0.155418221,0.00857355,0.146537701,0.103844303,0.031830025,1.070980867,0.940664826,-0.729473777,0.380114785,-0.729126305,-0.493402465,0.043555876,-0.40528965,-0.092584544,-0.091366857,-0.020238687,-0.018880624,-0.120966187,0.027381789,0.593863624,-0.334687922,0.02136801,0.015080401,67.97,0
46,-0.378244635,0.732925473,-0.120154211,0.185755072,2.594269492,3.797182651,0.059087961,0.976768278,-0.412660865,0.006753688,-0.624666242,-0.115851958,-0.215037273,0.140449403,0.160265566,-0.601890179,-0.144355315,0.221557465,1.454852162,0.315571561,-0.107581845,-0.157139517,-0.194659196,1.013897347,0.145503367,-0.237619523,0.411371737,0.202788455,11.45,0
47,1.197838599,0.236827618,0.509605002,0.65765866,-0.365487847,-0.745101067,0.079497448,-0.130535519,-0.052263119,-0.110057898,0.307131475,0.670664429,0.437973609,0.269026235,1.127419442,-0.196922571,0.007703674,-1.122640478,-0.590917691,-0.120981428,-0.149875597,-0.374210668,0.145515986,0.414983921,0.212156011,0.18172425,-0.016402134,0.015994209,3.63,0
48,-0.580628965,0.482683933,1.33312308,-0.253080023,-0.02846894,-0.5191657,0.503249461,0.117773483,0.117112238,-0.420487539,0.449718914,-0.01786483,-1.983823179,0.321663489,-1.42530188,0.125194163,-0.404409452,0.097776857,-0.020531268,-0.29875073,-0.042142326,-0.148707276,0.001451165,0.302764487,-0.680714199,-0.015553924,-0.006307004,0.164222205,21.66,0
48,-1.793406244,1.854603991,0.979513977,1.112261526,-0.206402962,-0.199545668,0.616642404,0.064180353,0.690271532,1.551723817,-0.161964842,0.424213061,0.015944401,-0.405832818,0.271930433,-1.423020649,0.676324383,-0.9110483,0.461845498,0.667846872,-0.180722526,0.23513817,-0.091441571,0.417654474,0.122733846,-0.232985041,0.811879841,0.618568312,26.72,0
49,1.098608346,0.202423564,0.525455972,1.323436272,-0.130486421,0.039924307,0.028379416,0.072841071,-0.097869352,0.019512995,1.474413321,1.689674218,0.506780523,0.125136665,-0.892709712,-0.621679133,0.044340267,-0.642093954,-0.161986891,-0.128040892,-0.024971678,0.15426426,-0.063146743,0.253205307,0.629405435,-0.345344655,0.040469338,0.01026375,13.18,0
49,-0.549626145,0.418949154,1.729833252,0.203065374,-0.187012388,0.253877552,0.500893778,0.251255795,-0.227984855,-0.57616942,1.102031894,0.823707807,-0.569509884,0.008710073,-1.04141381,-0.6034031,0.225483729,-0.3521326,0.194946381,0.016970371,0.115062466,0.418528728,-0.065132788,0.264980785,0.00395822,0.395968889,0.027182102,0.043505756,59.99,0
49,0.92154368,-0.067083754,0.077461028,0.953638217,0.067412463,0.016152465,0.320451557,0.038534028,-0.391512665,0.031560245,1.39169118,1.07936322,0.106267712,0.665985251,0.442253558,0.122646355,-0.492391586,-0.535140314,-0.078081834,0.120050786,-0.333929581,-1.299919567,0.08431099,-0.370397871,0.155101565,-0.834490365,0.000909065,0.035546876,135.51,0
50,-0.57152075,1.071600449,1.28011025,0.542780003,0.574438987,-0.259359266,1.061148415,-0.410971968,-0.179130181,1.003500658,1.062382268,0.159422388,-0.289860314,0.005804746,0.460440953,-0.221035265,-0.775852455,0.657023315,0.807582919,0.354730635,0.00355852,0.561240486,-0.19928672,0.001387389,-0.179529952,-0.374115726,0.071641454,-0.175510469,9.79,0
50,-0.671708548,0.594502594,0.216415944,-0.867310639,2.966908301,3.632494874,0.563295075,0.673025597,-0.188766144,-0.404378292,-0.699710626,-0.184142609,-0.426813034,-0.183001108,-0.747731683,-0.037707579,-0.866459638,-0.00725732,-0.160432044,-0.002784334,-0.136440967,-0.300362026,-0.331691623,0.996382471,0.502469492,-0.518043048,-0.208275755,-0.116048406,14.8,0
51,1.259873136,0.254239576,0.514788628,0.620924297,-0.475930099,-0.992285839,0.06641651,-0.209275058,0.035571565,-0.067615821,-0.204107264,0.402596691,0.376647694,0.227135013,1.024996121,0.299531715,-0.426046051,-0.550315066,-0.119898969,-0.088970094,-0.256530536,-0.739211692,0.135732381,0.381989866,0.219301892,0.094290693,-0.028686668,0.019197591,1.98,0
52,1.147368927,0.059034645,0.263632341,1.211023458,-0.044095579,0.301066501,-0.132959856,0.227885136,0.252191237,0.083903938,0.645046451,0.413361748,-1.468036029,0.502861188,-0.626936023,-0.369716052,-0.03179924,-0.215342174,0.05501965,-0.255923875,-0.087813418,-0.110756407,-0.097770725,-0.323374178,0.633278881,-0.305327819,0.027394124,-0.000580465,6.67,0
52,-3.005236722,2.600138202,1.483690737,-2.418472955,0.306326407,-0.824574532,2.065425639,-1.829346589,4.009258517,6.051521351,2.572500182,0.06685074,-0.353574309,-2.837135998,0.29222688,-0.30377384,-1.942303145,-0.435449716,-0.934016115,2.456724046,-0.852308858,-0.181268484,-0.163746504,0.515820526,0.136318432,0.460053967,-0.251258638,-1.105751157,1.46,0
53,-1.198967674,-1.474100471,1.840325987,-4.515824355,0.327567428,-0.174469283,0.959725705,-1.026456228,1.700434584,-0.078941761,1.662667145,0.4856193,-0.933024958,-1.118786565,0.141253041,-2.811887548,-0.50474581,0.891222663,-1.512022437,-0.769854287,-0.453169417,0.33461404,-0.364541412,-0.310185782,-0.302599494,-1.243924154,-1.123456545,-0.734351086,89.17,0
54,1.202398328,0.321711387,0.281210894,0.643688582,-0.148668596,-0.589738667,0.04841255,-0.09336125,-0.042934036,-0.343245662,0.235106051,0.569881915,0.676330389,-0.351249746,1.295130059,0.164859782,0.246413935,-0.804462522,-0.561740543,-0.070750567,-0.251113124,-0.680155165,0.148162527,0.047061501,0.157049746,0.121934641,-0.004607898,0.029418109,7.53,0
55,-4.575092608,-4.429183775,3.402585004,0.90391468,3.002223774,-0.491077708,-2.705393163,0.666451302,1.922216172,-0.614312027,0.384926577,1.194403452,-1.020718454,-1.246829406,-2.348673437,-0.213437533,-0.100221745,-0.406073073,-1.637572519,-0.960962934,-0.047365029,0.853359935,-0.971600429,-0.114861639,0.408300392,-0.304576466,0.547784789,-0.456296829,200.01,0
55,-0.77345,0.853112494,0.818253542,-0.236070161,0.803462539,-1.438728332,0.799479365,-0.007989,-0.761089559,-1.044464034,1.504134894,-0.291634168,-1.615433023,-0.665286836,-0.292983046,0.803106054,0.462149367,0.834641095,-0.651796833,-0.10085849,0.035361549,-0.116890316,-0.178926347,0.400155137,-0.026230684,0.165155684,0.0277618,0.132979788,0.76,0
56,-0.847998366,1.04345933,1.267368892,1.13552949,0.021362103,0.336914104,0.398479743,0.317399166,-0.028657945,0.534033192,0.811280075,-0.071002868,-1.969051595,0.450006443,-0.263173073,-0.968361413,0.459253724,0.003771192,1.000716252,0.128621717,-0.024046106,0.215006397,-0.13198159,-0.007415627,-0.136578135,-0.242960778,0.382930847,0.276416936,20.22,0
56,0.086996191,-0.051988742,-0.497882442,-3.151907857,2.558400362,2.79667097,0.470283271,0.265332803,0.91951346,-0.735585688,0.208724949,0.017130649,-0.110866964,-0.04267687,1.654140364,-0.392648023,-0.875960217,0.183946189,1.259380028,0.167231088,-0.23942558,-0.437342144,0.018425768,1.013037763,-0.258926559,-0.293189253,-0.394955581,-0.435995593,10.84,0
59,-0.773292609,-4.14600725,-0.932037567,0.027093684,-1.698307322,0.460187805,0.737344474,-0.314215582,-0.842672538,0.017275794,-0.617560332,-0.197503535,1.594957593,-0.259878797,1.221025466,1.324639512,0.120540186,-1.248648871,-0.005069791,2.442781774,0.890977779,0.026122575,-1.134769337,-0.65495825,0.098386262,-0.209149914,-0.171709156,0.208056641,1142.02,0
59,0.921024019,-0.162446861,-0.094331367,0.474083926,-0.021485961,-0.397506307,0.482642979,-0.117495975,-0.577836031,-0.018607137,1.837579183,1.450671064,0.679743973,0.59371845,0.249734698,-0.084367221,-0.25970728,-0.89499546,-0.010373942,0.214510448,-0.209381106,-0.930107296,0.028509911,0.032682009,0.155130495,0.13325047,-0.073534231,0.022349145,149.9,0
60,1.069141385,0.043785925,0.309867291,1.316693993,-0.462393624,-0.857887604,0.207903691,-0.191269942,0.056397899,0.041567455,-0.507358125,-0.10866622,-0.473257348,0.45204589,1.00567481,0.185441398,-0.439975752,0.012539148,-0.498587992,-0.001998251,0.11577545,0.164781092,-0.177564055,0.39189057,0.624681738,-0.288376428,-0.001311834,0.035811519,89.4,0
60,1.107029377,0.216441,0.53837815,1.476397993,-0.25194192,-0.340679707,0.154091745,-0.086502546,0.144420201,-0.157374628,-0.107560298,1.066325657,0.620788367,-0.070889338,-0.203857983,-0.853479419,0.336478014,-1.179531721,-0.501729107,-0.111852536,-0.06003745,0.059884123,-0.047526366,0.443992419,0.640295759,-0.337657131,0.042108484,0.02426471,26.72,0
62,-1.035105818,0.996013128,2.192470136,-0.170445303,-0.302319739,-0.142255768,0.223431774,0.28904341,0.094140891,-0.157858733,-0.386373549,-0.628633662,-1.023958211,0.098433875,1.562288762,0.168577702,-0.148826411,-0.28592721,-0.483363894,0.180287627,-0.098000008,-0.170245844,-0.137227527,0.055228279,0.079347554,0.302032602,0.39137735,0.196599881,5.99,0
64,1.212510891,-0.099054296,-1.192094095,0.286323562,2.160516252,3.61631351,-0.404206898,0.842330952,0.169360421,-0.030522177,-0.541957258,0.237212015,-0.218129649,0.197436521,-0.147850246,-0.097830142,-0.510052501,-0.070939281,0.355170584,0.01477744,-0.167496337,-0.49469457,-0.149785451,1.011226555,0.883547705,-0.329433811,0.020370146,0.017037086,34.7,0
64,-0.658304934,0.406790567,2.037460639,-0.291297974,0.147909809,-0.350857292,0.945373213,-0.172560017,0.025133398,-0.778134724,-0.196289802,0.632955262,0.374025172,-0.531597207,-0.615062565,-0.518078459,0.003880895,-1.288954074,-0.797804485,0.064132874,-0.156095761,-0.238804965,0.089877177,0.421195367,-0.352487134,0.074782742,-0.09419217,-0.09249313,54.99,0
64,0.959601659,0.370711305,0.88861337,2.343244103,0.352490841,1.365514606,-0.27777073,0.51605318,-0.700929045,0.468216239,0.74561151,0.373531003,-0.223918286,0.417438142,1.678400143,-0.5157016,0.662478668,-2.514235114,-2.589687575,-0.298404521,-0.155547161,-0.403239316,0.356504034,-0.696881459,-0.19871797,-0.220267916,0.068546196,0.020797315,7.55,0
67,-0.653444627,0.160225077,1.592255555,1.296832284,0.997174924,-0.343000302,0.469936931,-0.132470082,-0.197794077,-0.105005538,-0.543662211,0.302233023,0.141211079,-0.207880444,0.0241084,-1.206876592,0.394836382,-0.75095563,0.440558481,0.225920347,0.038362968,0.336449012,-0.014882833,0.10295901,-0.26532206,-0.348636687,0.011238449,-0.04947834,19.85,0
67,-1.494667841,0.8372414,2.628210618,3.145414379,-0.609098389,0.258495001,-0.012188613,0.102136035,-0.286163597,1.198556325,-0.550295669,-0.106845989,0.208014288,-0.680510403,0.507763583,-0.260264023,0.246631324,0.008855504,0.899415801,-0.028351935,-0.140047358,0.355044184,0.332719988,0.718192517,-0.219366046,0.118926551,-0.317485702,-0.340783398,28.28,0
68,1.232996465,0.189453734,0.491040321,0.633672661,-0.511574424,-0.990608799,0.066240478,-0.196940299,0.075920961,-0.066059896,-0.255743257,0.255156785,0.105247333,0.284676541,1.057322113,0.315890891,-0.411940026,-0.511911581,-0.120427106,-0.077870574,-0.251566497,-0.770138762,0.125997505,0.36962737,0.205597702,0.094061594,-0.033137975,0.020990394,15.99,0
68,1.156939065,0.037215117,0.556799036,0.519506544,-0.479753872,-0.352713751,-0.222486536,0.158242439,0.011251723,0.105583809,1.612099371,0.35449295,-1.434536278,0.796994975,0.74510638,0.222868281,-0.229198749,-0.364808595,-0.254104653,-0.221851585,-0.182661586,-0.612267726,0.19730465,0.174882516,0.032496543,0.099479911,-0.026815791,0.004198633,2.69,0
68,-0.770196383,0.483572416,1.901071779,-0.00187625,0.024244785,-1.171903182,0.666483361,-0.094602901,-0.136665622,-0.842507533,-0.408235097,0.503046645,-0.010588597,-0.200012765,-0.908689459,-0.323594882,-0.022103673,-0.796683933,-0.479505429,-0.03383089,-0.057335911,-0.155801281,0.018107802,0.941555369,-0.168581841,0.056170997,0.058979361,0.134187921,22.36,0
69,0.29850317,2.142721516,-1.542142972,1.561331906,0.938108025,-2.145672699,1.405568569,-0.778458743,0.328636441,0.127497138,1.612799073,-0.09637703,0.654790271,-4.318377859,1.038603486,0.404686812,2.729168037,1.115863603,-0.703814031,0.676953714,-0.290986927,-0.000234694,0.09217442,0.586205255,-0.397313835,-0.480948881,0.251145,-0.2422786,0.78,0
69,-0.60802693,0.306693601,1.47300415,1.191127247,0.021264671,0.888442494,1.190491174,0.042146736,-0.446425607,-0.080386117,0.660395584,-0.111613346,-1.468983113,0.285370868,-0.237172914,-0.912819718,0.242906278,0.122721608,1.175062565,0.374085586,0.046506385,0.165162501,0.063974176,-0.333791686,0.131775824,-0.217691931,-0.082183353,-0.116730187,168.56,0
69,-1.766644699,2.352984306,-0.00995516,-0.363735716,1.460952506,-0.204832891,0.905818665,-3.384123255,0.388546432,0.791069474,-0.270259509,0.047399242,1.642766731,-2.678080725,0.728038853,0.289107812,0.384462973,0.454547699,0.113990423,0.072645181,1.964253339,-0.883217569,-0.247698186,-0.758605574,0.086450074,0.202790049,-0.898857651,-0.944336584,0.76,0
69,-2.220641827,1.029180718,-0.697723602,-1.268226466,2.802221028,3.322901364,0.197036005,-0.521296961,0.859596359,1.593949266,0.311202771,-0.433713474,-0.087315334,-1.108163644,1.30866895,0.521481126,-0.735664503,0.165409024,0.314515491,-0.111529834,0.110447913,-1.178463303,0.508910502,0.923385245,0.213758667,0.033506668,-0.142024761,-0.263844093,9.47,0
70,-0.426071694,-0.06030377,2.220828203,0.024741782,-0.584963997,0.460622988,-0.322526141,0.434776396,1.252403913,-1.012093549,-1.37903159,0.203317505,-0.855599222,-0.926168244,-1.573685405,-0.49307804,0.329125177,-0.618188812,-0.708406335,-0.200077073,0.149485235,0.769877755,-0.092634482,0.150536174,-0.234229996,0.504709599,0.069158167,0.041024189,21.8,0
71,1.331897157,-0.579961843,0.422605532,-0.897751526,-0.74625421,-0.056273231,-0.750316963,0.128483934,-0.964681778,0.736391419,1.390981592,-0.008048872,-0.12942182,0.094277151,0.38881918,1.236618791,0.151535043,-1.398990322,0.672575069,0.052489101,-0.039070337,-0.255173945,0.109332683,-0.32844817,0.162253656,-0.447275875,0.020070552,0.006230543,14.48,0
73,1.162280884,1.24817825,-1.581317148,1.475024194,1.138357059,-1.020373404,0.638387286,-0.136762248,-0.805504896,-1.4440364,2.846914186,0.627549,0.387778137,-3.279054301,0.553435024,0.910634312,2.698337459,1.302963477,-0.910148786,-0.016800217,-0.124011771,-0.227149831,-0.199184934,-0.289757395,0.776243576,-0.283950225,0.056746815,0.084706456,1.0,0
73,1.239048053,0.293284417,0.08647196,1.178277364,0.373343851,0.325596008,0.119318979,-0.025476251,0.173211363,-0.15418618,-1.089323262,0.870713977,1.177662135,-0.217738013,-0.161084219,-0.533762924,-0.108367597,-0.848424963,-0.056692824,-0.103570441,-0.148136188,-0.111892635,-0.173207278,-0.714729129,0.817359935,-0.263842752,0.047776818,0.008735382,1.0,0
73,0.925996613,-0.358098896,1.376721528,1.900768814,-1.057689863,0.301885174,-0.462266226,0.250424399,1.253958036,-0.43637143,-0.68128971,0.999980028,-0.653246385,-0.636389372,-1.702666617,-1.280355074,0.987638276,-1.478805682,-0.043612268,-0.124115455,-0.347567013,-0.676807452,0.100568222,0.595988713,0.322122079,-0.547495004,0.078786189,0.043819074,70.6,0
73,1.148186926,0.085837072,0.120702062,1.126664554,0.21471057,0.537381047,-0.04998899,0.186175355,0.111781471,0.046609338,0.507646705,0.869540468,-0.32273584,0.269321773,-0.717472309,-0.313731636,-0.223905205,-0.227785835,0.179131855,-0.148395299,-0.091111611,-0.095474864,-0.166750152,-0.653433373,0.713020334,-0.288035257,0.031507352,0.000371618,19.77,0
74,1.038370334,0.127486127,0.184455888,1.109949791,0.4416989,0.945282527,-0.036714604,0.350995,0.11894954,-0.24328924,0.578062601,0.67472982,-0.534230568,0.446601378,1.122884672,-1.768000514,1.241156963,-2.449499863,-1.747255172,-0.335519851,0.102519797,0.60508853,0.023092156,-0.626462661,0.479120272,-0.166936836,0.081246718,0.001191576,1.18,0
74,1.038370334,0.127486127,0.184455888,1.109949791,0.4416989,0.945282527,-0.036714604,0.350995,0.11894954,-0.24328924,0.578062601,0.67472982,-0.534230568,0.446601378,1.122884672,-1.768000514,1.241156963,-2.449499863,-1.747255172,-0.335519851,0.102519797,0.60508853,0.023092156,-0.626462661,0.479120272,-0.166936836,0.081246718,0.001191576,1.18,0
74,1.038370334,0.127486127,0.184455888,1.109949791,0.4416989,0.945282527,-0.036714604,0.350995,0.11894954,-0.24328924,0.578062601,0.67472982,-0.534230568,0.446601378,1.122884672,-1.768000514,1.241156963,-2.449499863,-1.747255172,-0.335519851,0.102519797,0.60508853,0.023092156,-0.626462661,0.479120272,-0.166936836,0.081246718,0.001191576,1.18,0
74,1.038370334,0.127486127,0.184455888,1.109949791,0.4416989,0.945282527,-0.036714604,0.350995,0.11894954,-0.24328924,0.578062601,0.67472982,-0.534230568,0.446601378,1.122884672,-1.768000514,1.241156963,-2.449499863,-1.747255172,-0.335519851,0.102519797,0.60508853,0.023092156,-0.626462661,0.479120272,-0.166936836,0.081246718,0.001191576,1.18,0
75,-1.439068817,0.267631399,3.56277034,3.481485834,-1.160100534,1.764780635,-0.558817274,0.442018635,0.348430743,0.393253076,-0.97215812,0.515885976,0.497186648,-1.483889818,-0.867129647,-1.020169595,1.062549722,-0.359442587,0.880606307,-0.173139546,0.129257258,1.1292817,-0.006978091,0.497337391,0.130515266,0.525668092,-0.088949755,0.113206051,81.13,0
76,-1.024576049,0.522289106,1.787699074,0.202672107,-1.140802866,-0.137830806,-0.336555477,0.670704378,0.071670264,-0.518978194,0.687066404,0.249020266,-1.248619947,0.343492962,-0.236299743,0.528667673,-0.291314514,0.847538604,0.129468112,-0.278965958,0.315867516,0.847564794,0.148876568,0.549790591,-0.585130614,0.325840743,-0.068871446,0.059713185,50.0,0
76,-0.997175759,0.228365302,1.715339938,-0.420066767,0.560837845,0.564725048,0.84604655,0.197490821,-0.09720188,-0.439346826,1.309070777,0.859703136,-0.476390308,-0.142352494,-0.974915531,-0.606945205,0.005370971,-0.999965377,-0.774096415,0.244289448,-0.070240762,0.015444953,0.072651066,-0.272271751,-0.087681515,0.138132123,0.125901816,-0.06302232,86.43,0
77,-1.165721747,1.485336811,0.156418075,0.92437833,0.131745604,0.996965256,-0.167117113,1.262616793,-0.584844218,-0.553365712,0.138042275,0.690798548,-0.420525662,0.978769726,1.097810371,-1.912551282,1.780960922,-2.120498266,-1.023459729,-0.321114245,0.314751517,1.046647587,0.15640356,-0.628123355,-0.702366656,-0.224025083,0.14542464,0.116397682,11.83,0
77,-1.18595403,-0.21880844,1.101004831,-1.406997128,1.261783204,-0.337709069,1.191747221,-0.427383108,0.276678887,-0.2153992,-0.942965254,-0.473709624,0.061623489,-0.410061487,0.754377242,0.283420754,-0.905689819,-0.738459279,-0.454312152,0.036974223,-0.36283038,-0.418816991,0.521401264,-0.922427393,-0.139840272,0.70978702,-0.076248716,-0.383942454,49.95,0
77,-0.427190854,0.745708409,1.761811025,-0.165130479,0.058297688,-0.213413376,0.64732325,0.073464184,-0.291863986,0.064799525,1.527191695,-0.131505745,-1.696914001,0.48212119,0.586417588,0.034541375,-0.306278167,-0.206029884,-0.118938855,0.05282757,-0.201680708,-0.432070051,0.01316424,0.161606289,-0.401310006,0.047423416,0.102549224,-0.11657148,9.12,0
78,-0.622478372,0.014881395,1.052488736,-1.644573827,-0.538265319,-0.835528209,0.517233526,-1.105962373,-1.311740617,0.577468383,0.8946831,-0.685602969,-1.860225916,0.510701455,-0.452340475,-1.145574937,-0.323949652,1.462413019,-0.986003312,-0.756577458,0.418818886,-0.76212234,-0.098939524,0.502972747,-0.655251281,0.743419212,-0.02056809,-0.118060229,104.94,0
78,-0.291241163,1.515688499,1.514354894,2.518364615,0.58364774,0.425560586,0.598690176,0.056753589,-1.475620543,0.829234155,-1.268613006,-0.427588105,0.946384558,0.079319521,1.287545322,0.28251401,-0.423616438,0.147275797,1.226248307,0.348231594,-0.252658886,-0.613055494,-0.126407496,-0.636697022,-0.255688273,0.019571285,0.38258071,0.194254835,4.68,0
78,-1.760402481,0.221924153,0.579949898,-1.413194092,0.804876249,-0.353324324,0.869655641,-0.031477112,0.317739047,-0.118295038,-1.053730462,-0.296843762,0.13136414,-0.170066569,0.748794675,0.410891393,-0.749974772,-0.745597186,-0.487556885,-0.105203803,-0.403692059,-0.478169343,0.261137612,-0.903294971,-0.130708919,0.713907127,-0.028134479,-0.410876701,62.92,0
78,-0.590589254,0.235248304,2.354921509,-2.219936017,-0.246820702,-0.833337142,0.934430977,-0.670155666,1.093187038,-0.533667949,1.720074583,0.116509951,-1.289269177,-0.188769226,1.192679842,-0.519384439,-0.599534141,0.669896166,1.087592147,0.13373911,0.00621067,0.431366266,-0.441621161,0.556214073,0.16621579,-0.055005317,-0.714976037,-0.612121573,18.31,0
79,-2.374380306,0.59714527,0.0366561,-1.406989094,0.29969203,-0.341102672,0.624572482,0.369831926,0.344458123,-0.045989182,-1.167889557,-0.128854302,0.204986723,0.071852159,0.740982548,0.538994244,-0.596465353,-0.736379986,-0.524396486,-0.170733778,-0.423322797,-0.527399608,0.162979827,-0.894113278,-0.087017676,0.718174149,-0.011363081,-0.431913511,80.0,0
80,-0.655264276,0.409898543,1.289156438,-0.325043259,0.545669467,-0.349810664,0.648240482,0.036062882,0.078701416,-0.829167268,-1.781658732,-0.412806783,-0.62622029,-0.113361055,-0.714754633,0.120701514,-0.474281674,-0.24059467,0.040823476,-0.03477599,-0.155727059,-0.477390318,-0.126524993,-0.443627777,-0.012118142,0.143172915,0.049782585,0.118280287,32.51,0
80,-3.007739051,0.929514494,-0.423720855,-1.39295162,0.082246782,-0.515781701,0.104713792,0.825310566,0.38545311,0.064000225,-1.293106712,0.062199943,0.271107013,0.328058801,0.724097629,0.638389444,-0.430082218,-0.723590224,-0.562830693,-0.15171423,-0.40924608,-0.588831627,0.068045089,-0.890869739,-0.047641093,0.717616985,-0.054093659,-0.424259718,39.95,0
81,1.11104797,0.215351844,0.374072564,1.150000653,-0.329767569,-0.898687822,0.309906644,-0.255277291,-0.110655139,-0.057578832,-0.217961497,0.600591209,0.686379565,0.262161286,0.922676979,0.135235272,-0.490174913,-0.392752899,-0.315464927,0.031671788,-0.132555304,-0.493866878,-0.010782184,0.380388564,0.456214181,-0.572346756,0.010981463,0.039295013,68.74,0
82,-3.591826161,1.348370368,-0.998492354,-1.402361754,-0.596711513,-0.385302392,0.050620962,1.2108885,0.390259945,0.100784631,-1.40661465,0.206760569,0.346123773,0.559501932,0.712692556,0.775015086,-0.285588171,-0.701679615,-0.59612263,-0.212115585,-0.43207022,-0.607105549,0.176475251,-0.891798495,0.045145475,0.727963185,-0.032720994,-0.456138379,79.0,0
82,-0.888004366,0.913669852,1.146088038,0.656290499,0.677272305,-0.326210554,0.888811418,-0.34184774,-0.52384947,0.690440323,1.160793465,0.831569261,0.865075614,-0.018098143,0.328620056,-0.180815907,-0.749368972,0.55253267,0.852984405,0.142756935,0.107833277,0.661992966,-0.004713104,0.031096821,-0.140882142,-0.373698279,-0.15792148,0.07652866,5.9,0
83,-1.864989682,0.910873769,1.724862787,-1.748371149,0.578942617,-0.832531161,1.901440328,-1.913986322,2.112375125,3.014354777,2.023987839,-0.481574055,-1.390897387,-1.599749355,0.159606592,-0.056584062,-1.593881833,-0.213254062,-0.448706158,0.274876811,-0.318597399,0.073322713,-0.061693401,0.547204477,-0.466798442,0.408029598,-2.377932922,-1.255549156,7.69,0
83,-0.833200336,0.778787123,2.619236664,2.612864129,-0.51693761,0.558346006,0.316871358,0.206647109,-0.738599157,0.214340363,-0.295198868,0.100770588,0.090682626,-0.430302036,0.027497622,-0.335318928,0.378847686,-0.542428037,-0.595637215,-0.010894389,0.188711283,0.678605871,-0.133148108,0.636175834,0.309329091,0.272149947,-0.078460786,0.00734397,79.91,0
83,-1.897330739,0.955626146,0.052542631,1.27665559,-3.323084064,3.229910789,1.029631148,1.515606764,-0.059626603,-1.461402639,-0.246684066,0.921560835,-0.196534711,0.505960635,0.705137678,-1.328623104,1.915145604,-1.935425902,-0.930024249,-0.832629516,0.128416132,0.776077579,0.477536785,-0.608981285,-1.120892414,-0.41385055,0.061399324,-0.187963516,552.18,0
84,1.119272304,-0.669639047,0.803807372,-0.651693123,-1.395665978,-0.800698087,-0.601604892,0.014390356,2.019905427,-1.067542331,-0.672739778,0.116007769,-1.125379587,0.055688194,1.414561469,-0.396080396,-0.090654809,0.504404193,0.460238548,-0.060359767,0.16368691,0.546516454,-0.176835651,0.402555517,0.563401812,-0.534236042,0.075046569,0.042000798,67.3,0
84,-0.792329167,-0.84066372,2.61046459,-2.196338416,-0.396962095,-0.707363177,-0.057933703,-0.548675598,-1.870127335,1.030916229,-0.560520267,-0.279432892,1.708513901,-1.606406468,-1.105114392,-0.849017586,0.372443684,-0.585503848,-0.231652789,-0.04631669,-0.525187277,-0.776453778,-0.132811191,0.376664414,0.221800291,-0.574395509,-0.419351256,-0.277905823,21.97,0
84,-0.481375994,1.003406701,0.906183669,-0.423863928,0.760670628,0.377627419,0.587373158,0.13388448,-0.20787079,-0.240405331,-1.453261436,-0.526595859,0.073844567,0.087349559,1.230576263,0.311246139,-0.620259312,-0.329208342,0.187643004,0.082302991,-0.277507154,-0.752696358,-0.145992422,-1.353514516,-0.095515797,0.175811028,0.144228361,0.099682743,4.99,0
85,1.327883886,-0.735011946,1.502449134,-0.54410468,-1.909350482,-0.712497651,-1.292819512,-0.002714636,-0.24602754,0.572523068,0.008546854,-0.336586142,0.675825477,-0.671875808,1.25387709,1.591792185,0.050392003,-0.785112302,-0.024286306,0.111537197,0.46109179,1.308647307,-0.046031021,0.764374504,0.28184118,-0.063752868,0.060405585,0.037296104,11.99,0
85,-4.25759744,1.649489166,-1.591241672,-1.374316771,-1.180135992,-0.331039534,-0.117991556,1.592032179,0.415995685,0.159163277,-1.516288413,0.37406457,0.42717436,0.803874467,0.713170739,0.915793497,-0.134021723,-0.693337258,-0.63956757,-0.271984946,-0.452567807,-0.671702517,0.001422276,-0.876376518,0.07009822,0.729582299,-0.002942371,-0.481496958,124.67,0
87,-5.101877144,1.897021804,-3.458033555,-1.277542766,-5.517757922,2.098366221,3.329603449,1.250966334,0.27150055,-0.305482722,-1.473383079,0.272913238,0.649418935,0.899810726,0.874542743,1.471752735,-0.144793357,-0.725518955,-0.698935585,-1.270478014,-0.871743638,-0.678879497,-0.555899893,-0.761660256,0.066611133,0.767227443,0.731633869,-0.860309778,919.6,0
88,1.287226467,-0.824683124,1.346422851,-0.525627996,-1.833007214,-0.47771471,-1.224212873,0.014773906,-0.257812863,0.602162143,-0.542351913,0.005150335,0.865138144,-0.468678834,1.456241871,-0.635621931,-0.370548713,1.585550672,-1.1798885,-0.37892442,-0.147632994,0.057764687,0.052105381,0.428754688,-0.036978658,1.112151542,-0.003678139,0.031920218,30.9,0
89,0.270724788,-1.615316758,1.054982089,1.661509927,-1.737687233,0.065894256,-0.313976971,0.08908106,1.069842072,-0.348638228,-0.853895732,-0.018243253,-0.478344395,-0.189957268,0.96157882,0.557157431,-0.459495878,0.644156866,-0.707148179,0.75499449,0.47533816,0.496083006,-0.482194475,0.418870919,0.235960794,-0.265185073,-0.00106255,0.120126075,459.39,0
89,-0.589855944,0.933069872,-0.268072621,0.125244627,2.396991769,3.8779452,0.189985383,0.960388588,-0.230000129,0.295110184,-0.596572414,-0.118180798,-0.211613863,0.063381269,0.179691247,-0.608157331,-0.159369564,0.203083948,1.424509645,0.401336398,-0.15439733,-0.174834146,-0.201368584,1.013438753,0.19441248,-0.231764974,0.541146887,0.255373813,37.13,0
91,1.276133783,0.211469552,0.143000512,0.370050109,0.154747757,-0.032254807,-0.003029636,-0.038886902,0.030714509,-0.121891338,-0.667759527,0.41679629,0.891448167,0.127974078,1.295798814,0.233767076,-0.475059864,-0.772852171,-0.164436556,-0.068687646,-0.279653853,-0.747703711,0.056807959,-0.759463817,0.271640808,0.174757089,-0.010770299,0.008103748,1.98,0
91,-1.822272728,1.235335536,-0.307804337,-1.821823806,2.76248235,3.641498633,-0.344614256,-1.547541277,-0.138239381,-0.467174475,-0.465556872,0.018661639,-0.311232833,0.279316467,-0.047146876,1.120626797,-1.457879677,0.107840059,-1.497483576,-0.853675338,2.080848187,-1.591888232,0.321635665,0.889257765,0.156445389,-0.960610513,-0.035301853,0.182320649,15.89,0
92,-5.285970513,4.847323197,-1.290368385,-1.427842353,-0.621533346,-0.604690515,0.437865925,0.336383684,3.5583733,6.427801966,1.401383172,0.667167377,0.314681509,-1.860653094,0.558541544,0.314815183,-0.701307704,0.20609248,-0.208238494,2.962483831,-0.923604054,-1.171186819,0.150871587,-0.493322254,1.050553907,0.194864958,2.490503055,1.575379799,8.95,0
92,0.607153014,-0.957413454,0.761504743,1.590050449,-1.177297903,0.011231909,-0.166991305,0.152720248,0.742860452,-0.151018328,0.721459239,0.710085754,-1.329435269,0.130804276,-1.12238229,-0.17529728,-0.059694845,0.336360544,0.154421941,0.304713576,0.166237128,0.100681792,-0.31700078,0.543778052,0.484232348,-0.330425244,-0.001545351,0.062097987,268.78,0
92,-0.238410956,0.509262765,1.952000704,0.779065948,-0.37894013,0.251136558,-0.072412057,0.228754859,0.210899589,-0.373814134,-0.715860805,-0.046921901,-0.334018212,-0.245975395,0.628314056,-0.78158672,0.536186775,-0.283086494,0.681959757,0.004606037,0.217448612,0.903776545,-0.12134866,0.14122474,-0.613853852,0.575920179,0.193591769,0.165131782,2.99,0
93,-0.853806864,0.127391777,1.267277185,0.678584065,-1.029850621,-0.487613778,1.836070565,-0.298566311,-0.922127302,-0.64565555,-0.026260655,0.029031527,0.407479906,0.230361856,1.127553329,-0.256717551,0.008375432,-0.11739981,0.426384999,0.776141055,0.252358332,0.179724847,0.47674443,0.724705289,0.526797802,0.50270065,-0.159465352,0.002761222,322.44,0
93,-1.640014273,-0.479831346,1.613630324,2.997979002,-3.803787721,5.051811663,3.315254322,-0.303785108,0.671395147,0.744103699,-1.222968683,-0.646556853,-0.374187137,-1.723736556,-1.324742643,0.324962276,-0.485513703,1.396332164,2.156905301,0.124193432,-0.367932781,0.641890662,-0.405778683,-1.268699714,0.494090344,0.610966603,0.608992606,-0.410034098,937.69,0
95,1.057021329,-0.646955978,0.729166619,-0.569262362,-1.174306674,-0.527624805,-0.471676707,0.05174363,1.904018192,-1.176608977,-0.164332742,0.760978828,-0.608953278,-0.052129897,1.005991573,-1.168464249,0.488780705,-0.343177495,0.176030876,-0.070136835,0.186184431,0.743093176,-0.163619314,0.453569601,0.615478766,-0.508562087,0.08955306,0.037616912,69.0,0
95,-0.343711498,1.118614619,1.293385823,0.064762303,0.023480693,-0.992740835,0.695814204,-0.064808618,-0.373640008,-0.506204373,-0.234254062,-0.150923955,-0.018839799,-0.40192575,0.908911728,0.388386696,0.016678111,-0.12233078,-0.090105936,0.104410176,-0.265392001,-0.700550129,-0.014279787,0.330615153,-0.165442461,0.072341593,0.244881834,0.098048159,2.28,0
95,1.31617765,-0.105593976,-0.246480374,-1.185714675,-0.119566417,-0.613399043,0.007358513,-0.136794233,0.84782674,-0.784714586,0.875526045,1.28025633,0.568554208,0.443198996,0.941475179,-0.193448215,-0.789121824,0.782232083,1.082948099,-0.042238372,0.093118364,0.404571088,-0.282550626,-0.456798918,0.89536755,-0.561880178,0.044794342,0.003180613,7.21,0
95,1.195571618,0.258857846,0.635796446,0.64125736,-0.395081078,-0.694666651,0.034086452,-0.124346327,-0.078400251,-0.128968446,0.407234503,0.904339996,0.881174108,0.159115342,1.18925555,-0.115160913,-0.062657734,-1.176855132,-0.604592768,-0.095420685,-0.201249005,-0.516924959,0.199095572,0.412551922,0.122983942,0.101939605,-0.007845593,0.020214008,1.29,0
97,1.273817893,0.058009054,-1.312427634,-0.048968822,2.244373049,3.29621142,-0.342624648,0.760869775,-0.154915304,0.068384951,-0.161823828,0.029224619,-0.020631686,0.528189226,1.105976986,0.375591596,-0.926724746,0.292544448,-0.002886747,0.008905626,-0.017292094,-0.1828827,-0.146980903,1.004700033,0.842882627,-0.314280813,0.013744256,0.015907171,17.8,0
98,-0.646513324,1.004198501,1.61622395,-0.099628002,-0.122476851,-0.671326722,0.656183051,0.009755091,-0.635963292,-0.047364094,1.530937521,0.82408411,0.148016384,0.266959456,0.120395389,0.319464747,-0.593328286,0.044223291,0.232081458,0.09319056,-0.147934497,-0.420045847,0.0614244,0.52099708,-0.238845351,0.030135102,0.140480524,0.101163285,14.98,0
98,1.027114369,-1.272542866,0.673656443,-0.747435801,-1.299107061,0.29365621,-1.05419978,0.234899955,-0.574990848,0.680725594,1.218348281,-0.247881782,-0.242920245,-0.103666777,0.767171902,1.523141917,-0.000751675,-0.604428956,0.234460533,0.34587566,0.522112894,1.101911506,-0.248747022,-0.259413925,0.296057688,-0.030995605,0.018464852,0.033481841,159.0,0
99,-0.88399565,-0.150764823,2.291790721,-0.263452268,-0.814535284,0.955840628,0.097630673,0.474046969,0.1395123,-0.729861202,0.711062609,0.095006435,-1.097505344,-0.05970152,0.234557225,-0.142193908,0.193357555,0.217853314,1.155571121,0.35875101,0.07090144,0.05183207,0.110297657,-0.260628693,-0.097548719,1.155439237,-0.02119933,0.062565436,142.71,0
99,1.081033083,-0.256543414,0.426971283,0.918113222,-0.746088908,-0.721434577,-0.001651712,-0.087443298,0.642918526,-0.193126804,-0.871536954,-0.180992769,-1.264929307,0.195432881,-0.065775242,-0.215175001,0.106294906,-0.546801782,0.201309045,-0.042023823,-0.199145289,-0.626734758,-0.040728992,0.387424949,0.383139428,0.265193708,-0.045030849,0.023695117,84.39,0
100,-0.378601661,0.274578968,-0.129487732,-2.682798988,-0.731374623,-0.226354213,-0.006949342,-2.77898321,-0.23323193,-0.588714056,-1.3076821,0.064598314,0.083190793,0.464692016,0.84769787,-1.549799155,-0.319687586,1.086719343,-0.444441082,-1.133798931,1.426145676,-2.776923392,-0.46675587,-0.714696528,1.136720149,-0.981992914,0.356780522,0.148444039,182.95,0
103,-1.409009452,0.563492506,3.350717448,-0.436893036,-1.123467357,0.256345114,-0.253389869,-0.795814176,1.421953536,-0.681589992,-0.680795735,1.398463162,1.114929155,-1.894594557,-2.189146682,-0.640207206,0.334833424,-0.835911605,-0.070619892,-0.028601231,0.665585415,0.170281349,-0.231556647,1.067220198,0.279905967,0.988255366,-0.105953908,-0.073779112,23.27,0
103,-0.94089284,1.074154764,1.759398089,-0.601445607,0.101693491,-0.188519563,0.455755575,-3.46068234,0.44152478,0.91781802,0.877285383,0.338268788,0.64625002,-0.828662236,1.464951783,-0.915166509,0.17166524,-1.054133457,0.27680146,-0.209017984,2.270069053,-0.143518425,0.153907529,0.700926779,-0.413235123,1.374031211,-0.996161004,-0.836300917,9.99,0
103,1.245743808,0.438877833,0.316139712,1.107633862,-0.178446391,-0.941091407,0.286290791,-0.290078759,-0.169187685,-0.014419763,-0.226204311,0.721304543,1.003288871,0.188863752,0.809650212,0.003067444,-0.485198093,-0.27360897,-0.375639844,-0.079776011,0.038620756,0.20820688,-0.11147853,0.419906811,0.722345322,-0.331446191,0.020337028,0.022442918,4.19,0
103,-6.093247805,-12.11421274,-5.694973183,3.294389456,-1.413792092,4.776000425,4.808425817,-0.228197008,-0.525895941,-1.724899028,-0.362818001,0.286155301,0.487835786,1.259957121,0.660404704,0.455263193,-0.497643849,0.792268766,-0.978442216,7.744222435,2.228822595,-2.264037339,-3.553380618,1.215278822,-0.406072899,-0.65338449,-0.711222163,0.672899853,3828.04,0
105,1.00023399,-0.29522731,1.308259453,1.257753312,-0.967532357,0.46024474,-0.781849888,0.424415295,0.790908383,-0.054855242,1.109422535,0.69267622,-1.289229508,0.119761286,-0.151407245,-0.018139898,-0.077953498,0.068765322,-0.357320548,-0.183157746,0.032729701,0.179643813,0.028786242,0.203488767,0.23499215,-0.408458875,0.072615482,0.028892243,35.97,0
105,1.175094093,0.408263222,0.552145163,1.255067744,-0.196661847,-0.565605334,0.133973044,-0.146201793,-0.214154854,-0.011309922,0.290717394,0.975735119,1.117978842,0.144788242,1.037953972,-0.292528573,-0.142180748,-0.767216349,-0.96271067,-0.116438814,0.130585107,0.523639842,-0.050124737,0.448133322,0.597867268,-0.275067087,0.043308091,0.023923557,1.0,0
106,-0.306311186,0.991271929,1.41449133,0.855243644,0.334283709,-0.728260272,1.058822947,-0.46984007,-0.534718402,0.083451465,-0.325902466,0.104766198,0.617334627,-0.020760942,0.989615078,-0.441970511,-0.337034374,0.003217854,0.437685968,0.090118206,0.128007779,0.580328857,-0.202140503,0.41611435,-0.271833875,-0.377566613,-0.11364449,-0.052283025,24.57,0
107,1.175124777,0.661341182,-0.47747646,1.102541559,0.543328124,-0.246784793,0.165233833,0.027017867,-0.423143759,-0.57406514,1.853387507,0.870531105,0.496566352,-1.251016529,0.598736836,0.567820189,0.76816302,0.672152249,-0.574586718,-0.069414576,-0.003070556,0.093738003,-0.154354624,-0.425096767,0.652435396,-0.296802234,0.051424661,0.041875614,1.0,0
108,-0.81716449,0.548007876,1.987429001,2.347620274,0.036887742,1.50952321,0.692961314,0.508962009,-1.254296754,0.174445162,1.104038323,0.309737812,-0.837951587,0.214179328,-0.527740107,-0.422317897,0.395338553,-0.713973036,-0.217067008,0.233864804,-0.047335994,-0.324229307,0.231979505,-0.335247981,0.161931952,0.014694453,-0.028691168,-0.015257,148.43,0
108,1.206065239,-0.124884657,0.118939145,0.02373499,-0.54908691,-0.949920329,0.070850447,-0.125881143,0.136791407,-0.071309048,1.29067211,0.732146692,-0.841318571,0.502670309,-0.496897322,-0.164947888,-0.064146614,-0.247691314,0.577806559,-0.084244349,-0.01818495,-0.018453983,-0.084513987,0.627739333,0.456423964,1.091645277,-0.107970427,-0.013591677,25.8,0
110,-1.276830337,-0.903556664,1.477104935,-2.582626351,0.635981275,-0.866537099,1.138067003,-0.924605091,-0.221503704,0.096649255,0.982597806,0.737270798,0.521464723,-0.625923234,-0.564183199,-2.444884938,-0.533630526,1.577350112,0.100918483,-0.431082639,-0.482119219,-0.182517594,-0.614101128,0.037649533,0.793079737,-0.724708293,-0.616486479,-0.485984847,110.4,0
110,-0.591932651,0.111272819,0.699125647,-1.536074033,1.193207731,0.648895579,0.796705658,0.016903734,0.78966393,-1.246227697,0.555349938,1.089023808,0.361765706,-0.021520083,1.4338612,-2.627094752,1.176812113,-2.157671584,-0.567089195,-0.176300299,0.205963553,1.216194827,0.093395635,-0.900310153,-0.42396647,-0.607856583,0.017704584,-0.07674551,13.95,0
111,-0.820860222,1.02256699,1.996560362,1.180140793,0.232463912,-0.123952548,0.684370854,-0.008256437,-0.572410303,-0.40486721,-0.212180192,0.551737263,0.372832935,-0.119547733,0.060785635,-1.23971373,0.648088501,-0.904013395,0.405413726,0.005163633,0.000169258,0.183382417,-0.299915115,0.43180637,0.456705485,-0.213298199,-0.033160782,0.088371992,9.99,0
112,-4.816021799,-3.345061058,0.566005642,3.960567796,-2.495400025,3.691364645,1.603359858,-0.071801219,1.092418204,1.145818744,-1.229686938,-0.186777966,-0.063864571,-1.418962841,-1.006374821,0.717839259,-0.33345126,1.208950557,2.245697,-1.132659975,-0.797155076,0.260092571,-2.712275942,-1.020435601,0.070989746,0.619085659,1.720706518,-1.64855313,937.69,0
112,1.102697857,0.103965143,0.934478734,1.152703515,-0.693597247,-0.584580296,-0.148439159,-0.1120309,0.196749802,-0.094714897,-0.216930687,0.75222942,1.087760251,-0.067945684,1.195543967,0.453200243,-0.667451667,-0.059603641,-0.51713873,0.037095105,-0.017210746,-0.098780745,0.003331375,0.394411574,0.334208263,-0.520700113,0.045951685,0.048004725,54.99,0
113,1.147553856,0.543491091,0.504579173,2.517929914,-0.123554818,-0.611119916,0.273075896,-0.173271031,-0.809549379,0.692369323,-0.547658436,-0.100281311,0.054655307,0.333657163,0.436718096,0.593333948,-0.593651498,-0.289229423,-1.014089992,-0.097837514,0.025973073,-0.00828733,-0.081624079,0.379390351,0.558205979,0.033755503,-0.022230603,0.024045332,31.17,0
114,1.194066271,-0.072582233,0.635285626,0.768616206,-0.735584338,-0.673465653,-0.146299157,-0.065652615,0.646047714,-0.211574202,-0.757756838,0.131821519,-0.691698421,0.014078327,-0.053359478,-0.144321695,0.047621205,-0.662116209,0.255441031,-0.120276616,-0.300560759,-0.770991059,0.074443654,0.397712516,0.285947051,0.286760297,-0.031033455,0.01705188,23.88,0
114,-0.284446202,1.069098947,0.930510616,-0.129010287,0.387819105,-0.513674806,0.664176393,0.00899872,-0.260847491,-0.496499552,-1.049030826,-0.627843221,-0.245263247,-0.377959983,1.011251752,0.651429239,-0.267536251,0.198212689,0.228329088,0.110996657,-0.324077227,-0.885611047,-0.109522346,-0.520919598,-0.065360817,0.125597665,0.240776972,0.088773843,4.49,0
115,-0.182928163,-0.920683415,1.818758315,-2.450936159,-1.247559721,0.147436004,0.218628573,-0.407289576,-2.023879319,1.410939705,1.67241866,-0.103321234,1.082281463,-1.04409871,-0.319321725,-0.255877673,-0.104802035,0.221478486,-1.240284853,-0.242809951,0.030806233,0.848899151,0.120259065,0.219241129,-0.441860048,-0.386686835,-0.291553177,-0.448051362,137.0,0
117,0.805681804,-0.220451375,2.371309722,4.075817303,-0.844073265,2.546394311,-1.435114382,0.942047784,0.330467789,0.83188054,0.312992575,1.017932332,-0.439618033,-1.000777226,-2.431499257,0.09885644,0.261188186,-0.496635746,-1.518757006,-0.197553784,0.185844215,0.916782936,-0.075910693,-0.243419838,0.246029362,0.283514652,0.113704225,0.031696818,37.89,0
117,-1.010266597,-0.540014019,2.518624344,-2.270148851,-0.15736243,0.168700264,0.538239087,-0.37931912,-0.166360693,-0.226265168,-1.508661547,-0.471080666,0.939453138,-1.842080673,-1.799797423,1.333032557,-0.495358915,-1.463652046,-0.249813792,0.132299491,-0.103949956,0.153838761,-0.235265746,-0.424549401,0.679215833,-0.49709419,-0.364735609,-0.417094391,82.29,0
118,1.254913507,0.350287347,0.302487785,0.693114454,-0.371469881,-1.070255865,0.086781009,-0.202835551,0.035154059,-0.282617329,-0.073591895,0.224820575,0.211172939,-0.28446901,1.096191611,0.480953646,-0.00628755,-0.295312745,-0.196568595,-0.079756372,-0.287592205,-0.832681695,0.128083116,0.339426822,0.21594377,0.094703566,-0.02335429,0.030891875,2.69,1
118,1.431053409,-0.648101141,-0.331663901,-1.207382602,-0.012785943,0.704439954,-0.732125588,0.183138872,-0.878334384,0.767906431,0.057419274,-0.591459259,0.004513538,0.048051278,0.442391701,1.531116542,-0.325105204,-0.724348778,1.099845784,0.100777424,0.112748785,0.222295604,-0.244590547,-1.688158107,0.609778218,-0.088365973,0.010437801,-0.014498611,20.0,0
121,-0.868565326,0.684978078,2.013745177,0.126390269,-0.493158041,-0.320478036,0.373577105,-0.080500675,0.900231125,0.194338065,-0.996343568,-0.566134914,-1.13535696,-0.553999201,0.016221897,-0.205851131,-0.163264126,0.07844803,0.077838106,0.177090196,0.027273389,0.573843062,-0.252014325,0.431533378,-0.137521044,0.423220587,0.180521111,0.044404312,29.99,0
123,-0.505728362,0.66630036,1.08099302,-0.447630349,1.039489596,0.18401665,0.882796991,-0.142339931,-0.608661014,0.038170129,0.307121508,0.719950942,1.422912781,-0.17576666,0.093792259,0.570996629,-1.312472695,0.610038293,0.737028122,0.435055445,-0.058791905,0.0220728,-0.22624129,-0.986434608,-0.065936734,0.259684904,0.150573487,-0.0425807,40.0,0
123,0.968783929,-0.501798126,-1.333558486,0.38880429,2.036091383,3.661714319,-0.236794991,0.809585634,0.15450052,-0.089282955,-0.540149745,0.242408384,-0.195637009,0.225998642,-0.131979387,-0.081190327,-0.506312224,-0.045090703,0.314876311,0.271697268,-0.091052102,-0.561280312,-0.260982812,1.017700137,0.837224847,-0.342889063,-0.003467402,0.03900378,160.86,0
124,-0.614586106,0.975396462,1.689026908,-0.170483422,-0.152019578,-0.698487474,0.726557303,-0.067588235,-0.126744585,0.412886832,1.36428286,-0.099080374,-1.473429695,0.341785485,0.328454297,0.297846417,-0.605726233,0.200484732,0.209764485,0.211526101,-0.261770175,-0.55021449,-0.006559875,0.475346699,-0.268824811,0.022418777,0.199154616,-0.054699102,8.93,0
124,1.105253453,0.541842002,0.839421415,2.570932706,-0.279517367,-0.423062111,0.08801919,0.011621791,-0.715756445,0.651378619,0.073787016,-0.142023839,-0.739457467,0.502638949,0.736688426,0.256745261,-0.093732099,-1.011415594,-1.465499836,-0.239882551,-0.137434187,-0.460990832,0.189397329,0.556329107,0.18578585,-0.189029501,0.00020799,0.026167047,6.24,0
124,-1.710934768,-1.366798712,2.217310673,0.404714451,-0.114375224,-0.075942269,-0.259942733,0.320897252,-0.175355041,-0.478714108,0.759642225,0.475061325,0.122646386,-0.119537851,0.489590181,0.180992375,-0.198955208,0.91642141,1.50620908,0.986113859,0.390633615,0.481111488,0.405839184,0.066432818,0.156732409,1.286200506,-0.093974597,0.098826479,230.0,0
125,-2.807064506,1.183098325,2.974779375,2.801477073,-0.475110201,3.217829256,-0.401608122,0.384394771,2.408675091,3.351079324,0.106956336,0.367099045,-0.150262631,-2.44967118,0.18205704,-2.372316461,1.614255302,-2.013090598,-0.5721837,0.829196888,-0.20178206,1.461535075,-0.000330283,-0.581133078,-0.101784852,0.529386142,0.36241057,0.237647042,43.71,0
125,0.853907974,-0.527163873,0.823846175,1.23522373,-0.642369964,0.528598207,-0.397823041,0.156763671,0.705793043,-0.270381429,-0.822919843,0.585910884,0.758072715,-0.336816368,0.866424327,0.0885585,-0.336591803,-0.115178979,-0.657076187,0.213582484,0.222965568,0.526011895,-0.271286438,-0.384841524,0.466662062,-0.216339818,0.058692972,0.05636317,165.55,0
125,-0.724910392,0.073475018,1.739546615,0.758588063,0.22954257,2.422069218,0.196687939,0.861076214,0.099101544,-0.73040486,1.327101478,1.005463164,-0.98788957,-0.09071625,-0.711232836,-1.635742873,1.150430617,-1.610389584,-1.044670757,-0.04421517,0.188695537,0.738514964,0.145932699,-1.032185662,-0.087511227,-0.221062781,0.108167891,0.011784668,113.0,0
127,1.356489323,-0.221355461,-1.236995618,-1.246835117,1.907808836,3.103911314,-0.603383826,0.762840713,0.118338734,-0.129794116,0.009451766,0.04066435,0.063020383,0.375077354,1.322871713,0.5818758,-0.803959847,-0.054106283,0.443846399,0.052996903,-0.163828604,-0.6026876,0.011113262,1.063844582,0.400725554,0.975861962,-0.081220092,-0.003314497,1.54,0
128,-0.549716076,0.907665152,1.59794893,1.298977801,0.5879934,0.032375917,0.75425241,-0.306613655,-0.269296807,0.138561008,-0.332579655,0.68687425,0.982692103,-0.457462732,0.134497105,-1.36775777,0.445977824,-0.868421253,0.765464086,0.021753606,-0.011484859,0.417706233,-0.26521761,0.129560503,-0.228240584,-0.30478042,-0.19097759,-0.087080629,10.0,0
128,1.239494808,-0.182609248,0.155058296,-0.928892144,-0.74622657,-1.23560826,-0.061694679,-0.125223462,0.984937844,-0.746624518,1.563458971,0.890131709,-0.985158791,0.778734284,1.016974358,-0.429489929,-0.335787034,0.614690088,0.703133096,-0.160405632,0.146077125,0.481118509,-0.140019358,0.53826061,0.710720106,-0.621381766,0.036866809,0.010963319,8.8,0
130,-0.485237731,0.658496594,1.949966622,1.249694748,0.42641029,0.231512687,0.585115384,0.029162991,-0.520297446,0.055911475,1.265311092,0.521276565,-0.830439424,0.157454834,-0.365074566,-1.14218704,0.409601003,-0.204876492,1.010483163,0.089377727,0.007290122,0.328243726,-0.232563155,0.225572061,0.025891679,-0.24739542,-0.025381021,-0.11856465,5.97,0
130,1.353283086,-0.694899979,0.970826107,-0.426559487,-1.41726333,-0.505710366,-0.932068859,-0.083956783,-0.224207861,0.446748128,-0.540411822,0.072337843,1.006646612,-0.905357238,-0.304202302,0.802625517,0.48308727,-1.34493029,0.649045314,0.126358012,0.284340592,0.993433718,-0.164893279,0.474256989,0.623847569,-0.006749765,0.046025633,0.022043162,15.93,0
131,-1.007390583,1.261943319,1.207202744,1.307574927,0.153211416,0.062291102,0.50864716,0.079446853,-0.39521086,-0.006152177,-0.468287907,0.827819356,1.046675791,-0.185212586,0.109266578,-1.252804324,0.605940981,-0.831079809,0.772720685,-0.104066545,0.039149756,0.411660756,-0.08032014,0.12123507,-0.132999537,-0.303176862,-0.46391307,-0.164157241,10.0,0
132,-0.394815704,1.054418297,1.206361271,-0.28923239,0.610283924,0.081529341,0.687720988,0.065340718,-0.501623229,-0.387104736,-0.748656331,0.317262072,1.209455161,-0.089114235,1.045811125,0.101501487,-0.479842165,-0.656485152,-0.035922329,0.160782592,-0.243154473,-0.548387502,-0.107137647,-0.757096547,-0.119197083,0.149368196,0.287359727,0.111322399,3.87,0
132,-1.571359311,1.687508027,0.734670438,1.293349597,-0.217531663,-0.002677468,0.147364181,0.515361979,-0.372441613,0.078020678,-0.592494907,0.99794101,1.109328386,0.060047623,0.086140796,-1.149892674,0.765198254,-0.810588623,0.737550436,-0.093613532,0.048549314,0.377255527,-0.030435512,0.117608128,-0.060520077,-0.29654988,-0.481570297,-0.167897497,10.0,0
133,0.709335678,-0.011679155,-0.530212955,0.236330632,1.611749862,4.091915383,-0.862138243,1.083973069,0.786795681,0.112887484,-0.653232103,0.173266864,0.037866802,-0.38781279,0.37489296,0.210211547,-0.644749399,0.554854578,0.622384226,-0.04155149,0.006775256,0.09003256,0.271773416,0.986547281,-0.809943468,-0.52965954,-0.065886904,-0.125002177,35.97,0
135,1.101762442,-0.119018463,1.139150275,1.844961212,-0.817909156,0.247770075,-0.684181037,0.283095821,0.286762553,0.440946202,-0.826293741,-0.769377782,-1.541032563,0.047904222,0.567886086,0.523959447,-0.044064668,-0.425632202,-1.101029955,-0.200597231,0.120200714,0.371304976,-0.01604711,0.113901376,0.15201442,1.12604899,-0.038695152,0.012338827,22.37,0
135,1.207207324,0.241318029,0.258744961,0.65333494,-0.256425759,-0.620309257,-0.03965283,-0.022138661,0.145190566,-0.30544298,0.023574459,-0.089794537,-0.564338047,-0.105116499,1.430822389,0.222641856,0.317193266,-0.652918625,-0.552422227,-0.156234944,-0.26716529,-0.780157603,0.165656821,0.012955638,0.116175752,0.126406132,-0.012155718,0.026239297,4.57,0
135,-0.54188941,0.907744834,0.941841931,0.993747888,0.844723948,0.360279963,0.761736832,-0.222477053,0.179747696,0.408008155,-2.061908155,-0.71990403,-0.367007292,-0.28650681,0.180705099,-0.593469378,-0.25066099,0.230033158,1.633690689,0.146139609,-0.203112395,-0.122943687,-0.438461573,-0.996350433,0.09379569,-0.216345753,0.015375399,-0.03849078,23.57,0
136,-0.568284748,1.195094545,0.694741497,-0.626095126,1.171084019,0.373751079,1.013094844,-0.272388392,0.055869739,0.682043641,0.267372063,0.178172798,0.854316439,-1.009205397,0.353392252,0.854815189,-1.130549024,0.763852749,0.796372846,0.599425704,-0.489934829,-0.838520084,-0.286195776,-1.441208864,0.115045241,0.113461636,0.137095544,-0.24969392,13.99,0
137,0.753307852,-1.131593257,0.878730366,0.297870796,-1.327250161,0.066595638,-0.535275981,0.171132621,1.18460204,-0.51045289,-0.559082124,0.121812639,-0.718595336,-0.211232352,0.663762572,-0.064256815,0.256345467,-0.696030149,-0.190353268,0.295638379,0.031912238,-0.213297997,-0.091660381,0.151836521,-0.067673441,0.99907331,-0.063984805,0.049174356,226.07,0
138,-0.986639536,0.054619774,0.89218939,1.238546301,1.153949202,-0.443156858,1.158792971,-0.234932879,-0.748284316,0.19999764,-0.377070284,-0.086545898,0.217167156,0.314289834,1.295545516,-0.818801496,0.059642158,-0.68956288,0.684420234,0.744324727,-0.15608398,-0.590576405,0.432953111,-0.337631423,-0.272390765,-0.551474596,0.171669591,0.012712389,148.81,0
139,0.951278276,-0.657729594,1.701883533,1.809667283,-1.360162109,0.953857646,-1.134803282,0.52856971,1.914403557,-0.413425803,-1.488815805,0.105980334,-1.65017861,-0.765610812,-1.182670988,-0.739282377,0.676979259,-0.483801273,-0.188162502,-0.192796373,-0.027596028,0.284121154,-0.092093054,0.091899788,0.418136114,-0.195826728,0.106816908,0.040880532,58.0,0
140,1.175477978,0.167881283,0.509908525,0.452332378,-0.215763033,-0.192103789,-0.10540372,0.068516849,-0.249733437,0.053142732,1.737926861,1.253325071,0.419214819,0.422533743,0.560529053,0.197461933,-0.407984599,-0.520951034,-0.188320467,-0.101553775,-0.176147003,-0.500566172,0.151262949,0.01834697,0.122002842,0.106306809,-0.014936876,0.005770927,1.29,0
140,-4.636533664,-5.931717441,-0.227301246,-2.737271346,7.672543966,-0.996354542,-3.391184496,1.236266814,1.129461935,-1.461860881,-0.32643068,0.597189552,-0.02746766,0.506505348,0.819288065,0.194869169,-1.172599822,0.596973854,-0.502619121,1.522136629,0.655844388,-0.047157855,0.869558211,1.020754789,0.706124562,-0.207096108,-0.167680268,0.217684965,65.0,0
140,-3.222745011,-1.932775704,2.923241828,0.143573531,0.948116817,-1.076456006,0.81122633,-1.170683067,1.363753299,0.675724118,-0.033947335,-0.308436203,-0.03534893,-1.655009828,0.505014048,0.264900661,-1.001585618,-0.217746153,-0.394364058,-1.786736343,-0.657896819,0.983985425,1.304693094,0.804413958,0.686028186,0.455320508,-0.373341969,-1.325164299,11.0,0
140,0.693502989,-1.134232023,0.782844002,-0.592996395,-1.421802565,-0.487530734,-0.272320585,-0.029104222,1.35306576,-1.067065607,1.649118554,2.152055116,1.104958104,-0.138375719,0.470191723,-0.314898028,-0.390854609,0.548835444,0.662310958,0.47871309,0.238845153,0.380749355,-0.270755181,0.595487402,0.392156548,-0.733621849,0.05123025,0.074613647,257.3,0
140,1.007947057,-1.289492351,0.666740851,-0.741321189,-1.290523451,0.302172443,-1.026907052,0.220562032,-0.607464702,0.669997285,1.25373975,-0.137544139,-0.034447261,-0.142536713,0.745752448,1.514765448,-0.012266385,-0.627738477,0.229871143,0.379483006,0.530548638,1.113561074,-0.260041909,-0.253241804,0.299379405,-0.032754761,0.017926566,0.035666923,169.0,0
141,1.180458002,0.33426698,0.395177877,1.190753197,-0.092157628,-0.388137645,0.104290922,-0.098731553,-0.115804498,-2.69e-05,-0.08721366,0.597891163,0.667519134,0.22858245,1.118738777,-0.172510381,-0.231202879,-0.596696978,-0.83938832,-0.120379331,0.108715301,0.417283268,-0.092111375,0.10852482,0.620831436,-0.254117486,0.037871707,0.021077628,9.9,0
142,1.211406024,0.007849756,0.950798395,1.137646478,-0.495189279,0.301371118,-0.518350359,0.095425922,0.817591713,-0.226339478,-1.392727845,0.666903921,1.048677978,-0.582645665,0.14456173,0.282077685,-0.602787657,0.104931521,0.098868907,-0.049912471,-0.107247743,-0.057152535,-0.118932638,-0.42124148,0.556146314,-0.360164371,0.076929908,0.031800028,9.99,0
142,1.288255622,0.085827584,-1.179482142,0.06435705,2.195225445,3.383362873,-0.448436907,0.799347197,-0.147006077,0.125537073,-0.190735618,-0.000114247,0.002746593,0.467035601,1.123685046,0.475509793,-0.973083981,0.374351344,-0.102647218,-0.015774586,0.017485443,-0.051355407,-0.145479855,1.007612775,0.83329266,-0.265485115,0.020539078,0.015393661,4.9,0
143,-2.143457532,2.107826158,0.213151876,1.282216568,-0.732558394,0.023589151,-0.073255811,0.924142655,-0.356987542,0.141018335,-0.711177479,1.15744265,1.17737992,0.299913526,0.068809167,-1.031522353,0.918291916,-0.790618197,0.701377812,-0.112865919,0.044640964,0.345345863,0.013232697,0.117188284,0.0124059,-0.288530748,-0.473893869,-0.184488137,39.95,0
144,-1.032939915,0.680608052,1.402550125,-0.529928018,0.869578142,1.903301426,0.03324032,-0.237815275,0.844581681,-0.989004577,-1.306164811,1.047653674,-0.075453673,-0.899500611,-3.618059825,0.086957727,-0.723273586,-0.339748153,-0.489336594,-0.520240424,0.411651247,-0.941006541,-0.157833457,-1.735297174,-0.026033373,-0.814973734,0.094761684,0.126906427,15.36,0
145,1.122578642,0.222573144,0.481927939,1.131375375,-0.214947189,-0.201283177,-0.056555909,0.087470781,-0.250570246,0.195466422,1.636682504,0.865900011,-0.369633923,0.61983026,0.5040385,0.007708176,-0.355744134,-0.055066732,-0.620199929,-0.174625292,0.163222748,0.492048458,-0.068449723,0.233484745,0.532599941,-0.281097206,0.028325526,0.01098968,9.9,0
145,-2.420412824,1.947885385,0.553646043,0.983068886,-0.281518066,2.408957552,-1.40161343,-0.188299113,0.675877503,0.158497491,-1.224951318,1.314705078,0.30441192,-0.290217599,-2.01454784,-0.772800501,0.696761204,0.017913579,2.1772495,-0.276206701,1.213825987,-1.238619921,0.006927308,-1.724222084,0.239602695,-0.31370295,-0.18828088,0.119830988,6.0,0
145,-2.420412824,1.947885385,0.553646043,0.983068886,-0.281518066,2.408957552,-1.40161343,-0.188299113,0.675877503,0.158497491,-1.224951318,1.314705078,0.30441192,-0.290217599,-2.01454784,-0.772800501,0.696761204,0.017913579,2.1772495,-0.276206701,1.213825987,-1.238619921,0.006927308,-1.724222084,0.239602695,-0.31370295,-0.18828088,0.119830988,6.0,0
145,-2.419485626,1.949345704,0.552997661,0.982710096,-0.284815275,2.411199592,-1.398537135,-0.188921645,0.675695454,0.158122714,-1.224834474,1.314398312,0.304424889,-0.290433982,-2.014510693,-0.772540313,0.696610461,0.01785501,2.177312065,-0.277406251,1.213389672,-1.238354348,0.007191426,-1.724175069,0.239721077,-0.313606875,-0.187431248,0.119471939,6.74,0
145,-2.419485626,1.949345704,0.552997661,0.982710096,-0.284815275,2.411199592,-1.398537135,-0.188921645,0.675695454,0.158122714,-1.224834474,1.314398312,0.304424889,-0.290433982,-2.014510693,-0.772540313,0.696610461,0.01785501,2.177312065,-0.277406251,1.213389672,-1.238354348,0.007191426,-1.724175069,0.239721077,-0.313606875,-0.187431248,0.119471939,6.74,0
147,0.912979151,-0.652999555,0.298165153,0.209546164,-0.197230544,0.971099946,-0.449460773,0.281896488,0.262492646,-0.06059498,0.422922489,0.693403324,0.664749674,0.093629227,1.039034011,0.965015289,-1.050953826,0.487147394,0.015452642,0.299062225,0.089258076,-0.077306408,-0.237706651,-1.301414873,0.179598999,0.469956018,-0.024738667,0.028338314,170.43,0
147,-2.687977969,4.390230199,-2.360483061,0.360829162,1.310192211,-1.645253431,2.327776083,-1.727825155,4.324751813,6.286487349,2.466395317,-0.727390954,0.026189625,-6.576788553,1.766033522,-0.651758649,2.201391933,0.377628567,-1.450113117,3.169344417,-1.045961422,-0.156951372,0.079853874,-0.012598461,0.207194001,-0.536577942,0.950392727,-0.624431488,0.89,0
150,-0.399879707,1.051965788,1.390802023,0.093131865,-0.007699357,-0.717558971,0.588094752,0.085932097,-0.310721777,-0.533284651,0.177463377,-0.272661629,-0.686154329,-0.237325713,1.201248848,0.028713397,0.44691801,-0.605909619,-0.566862927,0.0182527,-0.224926323,-0.573765956,0.057041383,0.329354096,-0.302724006,0.083882806,0.258834227,0.096336674,0.89,0
152,0.095490023,-2.557694205,-1.134054856,-0.43577047,0.728493415,4.090475997,-0.429328774,0.896879024,1.004244284,-0.673619599,-0.561046276,0.419629369,0.021971862,-0.274255244,-0.037429945,0.286635281,-0.336254419,-0.068411967,0.644496322,1.280124347,0.080097948,-1.038538168,-0.489644637,1.108439997,0.072603095,0.893182949,-0.146017062,0.113110456,614.87,0
153,-0.648576026,0.740564583,1.8003815,0.140825684,0.050646442,-0.257415304,0.920469708,-0.422028002,0.590522449,0.300759584,-0.172947796,-0.103424421,-0.774136093,-0.589982858,-0.035946772,-0.935951855,0.240258706,-1.126232946,-0.131411403,0.062914236,-0.229106585,-0.161205344,-0.112529796,0.420750206,-0.13991383,0.163192735,-0.469013664,-0.350543139,22.99,0
153,-0.903628224,-0.233362598,2.580863531,-0.990572327,-0.397920255,0.281755037,0.238618916,0.249101589,0.651330368,-0.881774861,0.939971814,0.397778746,-1.494562627,-0.428434388,-1.307942351,-0.095618359,-0.080169775,-0.432193307,-0.336658276,0.050471187,-0.075017459,-0.097906267,0.05944787,0.244547634,-0.316141151,0.75440453,-0.166315609,-0.138177096,71.26,0
154,1.190844167,-0.608426894,0.069096521,-0.493509205,-0.944774744,-1.390857139,0.04765887,-0.467883895,-1.248877374,0.570877508,0.276515957,0.206483456,1.408240362,-0.200683589,0.359211438,0.718362667,0.406068318,-1.786030487,0.438820549,0.374267628,0.262280357,0.489142757,-0.186644881,0.797720642,0.630575252,-0.183914266,-0.029301543,0.03350849,127.69,0
154,1.315601305,0.413148285,-0.018953104,0.487834384,0.132330692,-0.574306547,0.146563267,-0.215922858,-0.080276175,-0.314456603,-0.623759228,0.557736093,1.498121825,-0.561514237,1.030952567,0.669772501,-0.373964239,-0.164368864,0.109735899,0.018365238,-0.329566651,-0.891188113,0.011352339,-0.477578557,0.365667356,0.143253535,-0.016757043,0.024640155,1.98,0
155,-0.546215295,0.878083882,1.523176388,-0.242853437,0.323931242,0.371851983,0.446595387,0.37007704,-0.631359033,-0.229069503,1.714119743,0.6938391,-0.316152534,0.440567026,0.678386647,-0.184842427,-0.068411129,-0.734662412,-0.420404254,0.036354025,-0.120936486,-0.268618467,0.036313229,-0.312671175,-0.37805085,0.113659844,0.292120546,0.103729797,6.45,0
155,1.171953522,0.311213252,0.313605078,0.51923042,-0.058032111,-0.258768685,-0.043842811,0.039598889,-0.344226883,-0.179727145,1.979015769,1.406746264,0.871995167,-0.212157236,0.563275934,0.348119863,-0.021623118,-0.343891188,-0.271035656,-0.054283414,-0.200153106,-0.541916273,0.137491127,-0.001739462,0.139121263,0.104375917,-0.005414212,0.018728013,1.29,0
156,0.714401042,-0.493905247,1.269484559,3.011494106,-0.801215875,0.929403838,-0.42887915,0.284565326,0.406555465,0.248953649,-1.103563407,0.517018447,0.070356522,-0.690133944,-1.231518094,-0.246761404,0.277265679,-0.743478107,-0.984552583,0.166906058,0.162122958,0.454363898,-0.263576271,0.144387968,0.483056303,0.222374472,0.03159666,0.05603576,184.31,0
156,-3.494860856,-2.894449732,1.637988839,-0.274975575,-0.389202933,-0.703274524,0.444194183,0.154266424,0.695817584,-0.56849224,1.041956476,0.841409533,-0.239347378,-0.415695785,-0.861171394,0.66427223,-0.593475406,0.237450523,-0.272360502,0.670036194,0.017010307,-0.063521495,0.676253817,0.596377136,0.11422899,0.834914728,0.309675191,0.632260841,500.0,0
156,1.325295228,-1.138678066,1.276265636,-0.207920238,-1.642087864,0.696572809,-1.502954908,0.297739613,0.872380952,0.251926472,-2.332011372,0.047516889,-0.033914346,-1.266317156,-1.605192131,-1.74371228,0.482654984,0.997653708,0.221744189,-0.498396658,-0.606347646,-0.803193011,-0.026617842,-0.397272515,0.245699397,1.127405544,0.023011432,0.012264475,10.0,0
158,-0.600816388,0.922454526,-0.13595182,-1.259914839,2.439824406,3.330205324,0.087107088,0.949659242,-0.327931944,0.06170852,-0.157387073,-0.233220337,-0.053332448,0.221138816,1.057070872,0.505629785,-0.899687487,0.081847173,0.357532361,0.348027854,-0.311488589,-0.927233184,-0.045267936,0.979587247,0.016423246,0.091043324,0.371280248,0.180187431,1.79,0
158,-0.159985037,-0.611632858,2.081419302,-1.048128453,-1.083455772,0.254356945,-0.782936554,0.264001941,0.404509215,-0.232303545,-2.093168271,0.465104233,0.650495508,-1.514492223,-2.534978226,-1.786802718,0.291461234,0.851936076,-0.564583752,-0.51018496,-0.36540374,-0.127932001,0.163175571,0.104227427,-1.286765287,0.747625336,0.241777014,0.237055507,10.0,0
160,1.171438903,0.474973976,0.011760718,1.264302505,0.116234125,-0.865985953,0.554392815,-0.276374984,-0.471301563,0.029103817,0.252013153,0.740675665,0.588883534,0.480297339,0.799411783,-0.59209017,0.032838515,-1.012362789,-0.799293047,-0.119438649,0.070051048,0.278842901,-0.097491441,0.426278229,0.744937649,-0.274727609,0.008471574,0.015492111,20.0,0
160,-1.551481611,-1.053346034,0.762805729,1.335129061,-2.58552304,1.942252364,1.646686865,0.641265549,-0.649862121,-0.894433571,0.988291378,0.88242292,1.05786513,0.211819844,1.151374994,0.721920217,-0.580298939,1.213069482,-0.249192642,1.433397194,0.867609117,1.254200716,1.572314555,-0.356253923,-0.210821219,-0.229606724,-0.205431387,0.039257942,700.0,0
162,1.039964313,-0.53435531,1.865190286,1.145121805,-1.488132902,0.589640991,-1.119900414,0.38278113,1.419159657,-0.343118809,0.617488364,1.926840198,0.448318974,-1.073770838,-2.335674118,-0.375364038,0.184548437,-0.049007141,0.604054433,-0.053880115,-0.014701068,0.430842718,-0.071343793,0.63843391,0.366777534,0.451210737,0.053839765,0.0234511,22.0,0
164,1.212056805,0.246405411,0.309165988,0.584744387,-0.381581347,-0.764967735,-0.067782842,-0.012991283,-0.110617107,-0.091447916,1.498999485,0.513745561,-0.627262128,0.062088347,0.478131202,0.711875624,-0.213038284,0.291523229,0.09716581,-0.117856068,-0.244625313,-0.781194221,0.125371943,0.268166085,0.160142725,0.079644635,-0.0320155,0.019052081,2.28,0
164,-0.433211486,1.020835125,2.019730198,3.00326068,0.031307656,0.187063045,0.850856483,-0.143932449,-0.918042964,0.886323094,-0.811858292,-0.338453439,-0.064504281,-0.275189337,0.055224685,-0.646152559,0.313931819,-0.295943212,1.177882592,0.471102989,-0.177297913,-0.180259507,0.00776031,0.382658023,-0.187192964,0.100067113,0.204038588,-0.018150303,65.26,0
164,0.073496706,0.55103296,0.451890424,0.114963844,0.822946501,0.251480314,0.296318524,0.139496907,-0.123050186,-0.142616897,-1.652948209,-0.908371307,-0.653478668,0.40930989,1.490617839,0.104649349,-0.402916543,-0.113269881,0.777332618,-0.043919723,-0.128758266,-0.381932362,0.151011582,-1.363967289,-1.389079168,0.075412285,0.231749598,0.230170991,0.99,1
167,1.321778325,0.658048335,-0.793312359,0.429647454,0.417966106,-0.927679463,0.18092344,-0.236763419,0.020142966,-1.121742786,-0.149294237,0.082583752,1.193951058,-2.380819502,1.241257627,1.163571675,1.097111215,0.788934571,-0.109340068,0.069872779,-0.248708574,-0.599279667,-0.13822645,-0.587577034,0.499087023,0.589338792,-0.013969185,0.055506373,1.0,0
167,-0.827464823,1.248569678,1.023826113,0.618081105,0.191093732,-0.208733095,0.964715393,-0.139165792,-0.625848231,0.427322433,1.028719649,0.423747719,-0.242314729,0.424507637,0.368675207,-0.012839339,-0.585486705,0.157830764,1.149651403,-0.090658006,-0.35518984,-0.947556835,0.135053864,-0.074104631,-0.732005556,-0.943677906,-0.649288686,-0.368764974,44.2,0
167,-1.32906237,1.955889812,1.118275164,2.318431902,1.582537232,0.389936614,-1.287306168,-1.323918833,-1.050321354,2.032812005,0.370425699,0.733429931,1.208301361,0.184726433,0.550391787,0.434456929,-0.59824041,0.53399619,1.414980044,0.205083471,1.286968918,-1.261979794,-1.732848381,-0.792373358,-0.775037614,-0.04844331,0.783108914,0.404477746,5.42,0
168,1.27496709,-0.778783352,1.162452685,-0.180424614,-1.532631199,-0.101808286,-1.185737809,0.076521519,-0.26508034,0.679447708,-1.082667188,-0.302765935,0.655988005,-0.3989512,1.495578213,-0.502574658,-0.605092213,1.912624832,-1.169904691,-0.384006672,-0.154060872,0.003712932,-0.040272241,-0.103367397,0.129751636,0.605919186,0.032166543,0.036729612,42.9,0
169,-4.066862271,-5.081215162,-0.11690781,-1.312829273,2.688762246,2.755894978,-1.999094634,1.726412535,-0.413594233,-0.76934304,-1.265962903,-0.306976373,0.096136239,-0.581299332,-1.597357603,1.213666492,0.298187371,-0.60404766,0.534227573,1.876937166,0.794925643,0.294822646,0.429790528,1.059319975,0.606301318,-0.183100838,-0.057776675,-0.532404119,355.51,0
171,-0.365531734,1.006931845,1.108303668,-0.428693695,0.590512808,0.105473838,0.602926227,0.132309557,-0.636397654,-0.152232191,0.324882084,0.469855522,0.556565352,0.187392784,0.187945749,0.715895776,-1.09137979,0.472923128,0.740916147,0.165872526,-0.250030582,-0.663325224,-0.189398624,-0.845682201,-0.055759557,0.124844713,0.263524606,0.099578934,0.89,0
171,-0.957819798,0.247979463,3.772856852,3.311385046,-1.305427246,1.668378567,-0.671931223,0.453987296,0.555107073,0.785059045,0.018821779,-0.383684431,-2.207123113,-0.949910909,-1.530399654,-0.477740069,0.562765743,0.919277229,1.556736793,-0.065313461,0.107106383,0.866859294,-0.43198589,0.581400454,-0.015714579,0.462414335,-0.179223585,-0.17154364,71.69,0
172,-1.428534961,1.793577778,0.545758239,-0.399309007,0.673576897,0.745918946,-0.358474609,-4.044724433,0.232361774,-0.081319856,-1.281166446,-0.487201785,-1.010695786,0.297234744,0.515040615,0.229073289,-0.517037974,-0.117545086,-1.233761195,-1.012853247,3.844728601,-1.093705055,0.2568042,-0.869686899,0.252491469,-0.452726464,0.055280851,-0.153210998,2.29,0
172,1.264698666,0.168285518,-0.275340024,0.220631301,0.459215303,0.468623822,-0.172793943,0.209104024,-0.028623169,-0.13427202,0.534672137,0.179221318,-0.37590753,0.002704562,0.82322718,0.806188237,-0.421363106,0.27255827,0.241154939,-0.106011948,-0.304789291,-0.90860741,-0.009438843,-1.376773714,0.266823096,0.19196682,-0.016844012,0.002034292,1.29,0
179,-0.431091692,0.89075179,1.720542847,-0.238246455,0.273262887,-0.970190619,1.249910376,-0.483676086,-0.871156532,-0.3456891,-0.009360377,0.16827052,0.715169146,0.017895938,1.03167395,-0.3801928,-0.043459961,-0.857500149,1.167422337,0.290504853,-0.412643827,-1.112004923,-0.057683679,0.430112171,-0.063250262,0.723811361,-0.21069683,-0.161057644,27.99,0
180,-0.782666195,1.017986502,1.50585133,0.920904617,0.75876509,0.392474821,1.357625329,-0.666453043,1.071130264,1.702692099,-0.812493033,-0.91415491,-1.234177953,-0.856785661,0.551040622,-1.402290167,0.060432413,-0.547990244,0.858789262,0.663806548,-0.410456552,0.145970127,-0.248113198,-0.452120665,0.014227544,-0.281960873,0.118371377,-0.508471449,23.63,0
180,1.294032785,-0.762808543,0.111245009,-0.535421073,-1.134396007,-0.937699156,-0.477580647,-0.041693601,-0.685741138,0.801350785,0.996133858,-0.960861346,-2.420594624,0.477474259,-0.690166384,0.773869319,0.578842806,-0.944706421,1.030467162,-0.022437204,0.211623439,0.432048378,-0.156996151,0.526054775,0.639294871,-0.091241541,-0.034939542,-0.002709507,48.0,0
181,-0.723637212,0.15449565,1.263163339,0.964978491,-0.027169655,2.28520178,1.891702521,-0.14147756,-0.110654766,-0.147586632,0.411560461,0.059949734,-0.302443289,-0.243116379,1.510086067,-1.797723022,0.981416458,-2.149891993,-0.88525232,-0.013163844,-0.07878842,0.424113734,0.206427532,-0.96641053,-0.761682089,-0.437223201,-0.05110918,-0.380737577,318.5,0
181,1.136752053,-0.103769567,0.904686444,0.488210755,-0.678523515,0.039860729,-0.581293921,0.270996198,0.256539561,0.068091693,1.445183659,0.506268152,-0.85021452,0.46422296,0.963247298,0.522011841,-0.463008422,0.029021823,-0.386661217,-0.16608712,-0.017526913,-0.093159166,0.119722965,-0.000588012,0.026252192,0.229223266,0.000201188,0.010944963,6.47,0
183,0.726749304,-0.528042418,0.050365515,1.373621469,-0.124121987,0.415687584,0.259554812,0.085113703,-0.003025425,-0.062290576,0.906660847,1.228475454,0.086611471,0.250634863,-0.765775297,-0.412023173,-0.111942606,-0.356576838,-0.024936808,0.285748847,0.061888475,-0.10183792,-0.308373443,-0.270673358,0.604409937,-0.333689324,-0.003944315,0.040684732,224.97,0
183,-0.598071289,1.264136546,1.410326046,1.695174981,0.391727694,0.192575714,1.118220863,-0.050613499,-1.716966958,0.457353408,0.855787532,0.594038398,0.82172322,0.189483809,-0.530637233,0.752644733,-1.011935277,0.379097043,-0.435816317,-0.015370923,0.142545033,0.317850631,-0.199074136,0.014307306,0.150579728,-0.015709942,-0.071642214,0.034370915,75.83,0
184,1.199277668,0.365737836,0.428155251,0.617732707,-0.342609669,-0.845869259,0.041919491,-0.114616737,-0.360599588,-0.137369319,1.948868194,1.410297427,0.894622281,-0.235688937,0.292096329,0.578699331,-0.227218792,0.03313026,0.009131636,-0.025317734,-0.213354871,-0.615516879,0.132390788,0.517044673,0.185487336,0.061686036,-0.021503871,0.024434217,1.98,0
184,-0.143256003,0.743648518,1.534072207,1.062170094,0.20818678,-0.838622933,0.524151228,-0.294660552,-0.478855844,-0.006096561,-0.121309696,-0.564296679,-0.352630239,-0.336510143,1.8800621,-0.3236776,0.541293199,0.139300206,1.592842932,0.271422691,-0.205014457,-0.460893452,0.0474066,0.339242969,-0.77943859,0.234456216,-0.024124929,-0.049897532,1.98,0
185,-0.241301703,1.089311472,0.703988825,-0.265987044,0.692897788,-0.179352318,0.684650767,0.020709883,-0.28605017,-0.508542205,-1.479158417,-0.591528221,0.269664819,-0.494763598,1.00630743,0.795481785,-0.495216911,0.329829133,0.436667058,0.154853648,-0.356467398,-0.95437733,-0.184437223,-1.070824105,0.023379213,0.158949153,0.242899702,0.08389259,4.65,0
187,0.066060772,0.8762634,1.093992968,1.556150516,-0.07231813,-0.671902296,0.569707156,-0.143791231,-0.609469493,0.122388483,-0.477548435,-0.348544455,-0.275911532,0.469809094,1.619878123,-0.637980697,0.179422142,0.263764793,1.332689558,0.126786432,0.159757256,0.497796845,-0.043265755,0.397922925,-0.358151033,-0.186331411,0.135738679,0.098839653,23.32,0
188,1.168433389,0.319977589,0.589693418,1.044773982,-0.376941822,-0.67733453,0.054472152,-0.087670194,-0.304109943,0.147234469,1.611020115,1.278345135,0.482879493,0.428824607,0.244127603,0.284007739,-0.683671801,0.193288121,-0.165282074,-0.09152333,0.020051373,0.066969719,-0.017274229,0.532428568,0.502070236,-0.470804151,0.021892727,0.01933664,8.09,0
190,-1.505779164,-0.215325117,1.991294276,-1.631493385,-0.635965147,0.228413858,-0.034265697,0.042695827,-0.235439929,0.164740343,-1.51828766,-0.31742242,1.120534653,-1.524784874,-1.218546357,1.063013559,0.044391091,-1.340806316,0.715632259,0.232752122,-0.101938019,0.148145577,-0.450114636,-0.396558396,0.554223963,-0.340492981,-0.335617814,-0.413379326,82.29,0
190,-0.913599729,0.162262106,0.541428519,-1.931798725,0.235401734,-0.209262872,0.770523385,-0.407194916,-1.374754194,0.311187601,-1.715580685,-0.153918076,1.92285052,-0.484344945,0.194711382,-0.82572721,-0.902511055,1.21426051,-0.739848412,-0.591835528,-0.382551786,-0.546739015,-0.32002156,-0.92838459,-0.080009248,0.908687227,-0.286880971,0.140450013,99.95,0
190,0.075749698,1.026985684,0.83489051,1.208912537,0.107553957,0.465977242,-0.330959329,-1.6198728,-0.436603913,0.060715025,-0.431212703,0.537036416,0.942512348,0.3189698,1.596569045,-0.327721027,0.016979641,-0.407591354,0.243005097,-0.258697272,1.490696075,-0.532413829,-0.17976515,-0.422716907,0.774770005,-0.172429221,0.265078248,0.23001619,20.0,0
190,0.803845921,-0.571718052,1.048092695,1.167676674,-0.702291917,1.000002588,-0.692965324,0.483593496,0.577314402,-0.097276929,1.366323215,0.946058203,-0.533524106,0.127500771,0.498989903,-0.112718102,-0.060015454,-0.11353318,-0.901974945,0.029184598,0.300503012,0.778198922,-0.144781428,-0.277469207,0.272133428,-0.227466876,0.072236683,0.03894474,127.75,0
190,-0.549414252,0.676860674,2.151949976,1.014522992,-0.620011802,0.076154492,0.041578422,0.34267167,0.124722817,-0.048091693,0.737980149,0.197300157,-1.350329129,0.096465653,-0.391871595,-0.286166764,-0.041452759,0.836919533,0.777120739,0.104754661,0.212024288,0.850202604,-0.185597136,0.544990271,-0.130608922,-0.196373727,0.422119417,0.203312923,20.7,0
192,-0.351286911,1.183753559,0.530794296,0.543891399,0.798441455,-0.804472168,1.563169978,-0.935793598,0.633634189,2.30362744,1.398891254,-0.318656901,-1.410645341,-0.155224571,0.277950266,-0.70622766,-0.780092413,0.354093931,0.618677894,0.596401202,-0.121754584,0.668123706,-0.057379978,0.301398018,-0.730945515,-0.538615997,-0.037212113,-0.479956079,1.79,0
193,-0.922515164,0.84157679,2.078000014,1.373071345,0.666526104,0.779011906,0.609457558,0.4023688,-1.088370984,-0.096632144,0.449566509,0.397328103,-0.541616351,0.015321153,-1.672261774,0.454716297,-0.566873639,-0.384643685,-1.088492323,-0.105559348,-0.12742529,-0.458042576,-0.067386573,-0.350802113,0.039175944,-0.291078195,0.058607062,0.089760081,37.2,0
194,-1.131517179,1.016398669,0.735810425,1.166613773,0.7902364,-1.187196151,0.736468997,-0.327991907,-0.555549247,-0.454532753,0.023276926,-0.186312977,0.395096171,-1.308900823,1.220467459,0.116426363,0.862879581,0.649778331,0.317546511,-0.265970993,0.00961259,0.315738653,0.054209943,0.294232444,0.003876835,-0.31415862,-0.099512267,0.122697402,1.0,0
194,-0.773295862,-0.190661402,2.404946261,-1.799880754,-0.396516458,0.199217658,0.257805624,-0.341961662,-0.06972773,1.181367471,1.465251443,-0.105116481,-0.232535811,-1.397118979,-1.21718188,0.568078154,0.036588183,-1.272570872,-0.090211742,0.436142397,0.235139826,1.447800396,-0.320606648,0.271029138,-0.068299271,-0.266823198,-0.127058976,-0.392033032,32.77,0
194,-0.931154307,0.82588911,0.168007968,-0.077211689,2.966451847,4.099506482,-0.146900852,-1.111250968,-0.023183356,0.395386727,-0.474706738,-0.181066303,-0.346984397,-0.252545938,0.066340089,-0.636039898,-0.326118565,0.140925881,1.207499829,-0.181541983,1.317467331,-0.700836478,-0.217694085,0.9964802,0.292649008,-0.317728253,-0.221212331,-0.300920242,5.99,0
196,-0.278287825,0.866213738,-0.300620201,-1.117345479,2.542241938,3.270646265,0.117003384,0.934685761,-0.503871254,-0.445162242,-0.010315251,-0.332580634,-0.079643879,-0.258721248,1.097529919,0.715429473,-0.482517718,0.323553969,0.282821412,0.221469125,-0.320542166,-1.005672236,-0.055448851,0.935789805,-0.007564474,0.088108933,0.248043044,0.090837486,0.89,0
196,1.198658495,-0.420333822,0.014599158,-0.270792868,-0.471074009,-0.384610465,-0.083890427,-0.077569983,-1.537507819,0.846368149,1.512576055,0.858692689,0.410549917,0.529565298,0.147448385,-1.573951028,0.024288477,0.499010405,-0.739676178,-0.401552282,-0.630205815,-1.504431997,0.19377055,-0.017458024,0.058386912,0.145372852,-0.034903837,0.011037036,63.9,0
199,-0.923891761,0.568852442,1.244235999,-0.597472514,1.084896977,-0.376975841,0.568214821,-0.009271501,-0.246538353,-0.20077019,1.325403043,0.358180355,-0.379146078,-0.4016958,0.074929066,0.55758693,-0.462408711,-0.047329748,-0.728369549,-0.017714498,-0.215560064,-0.43326426,-0.083938141,-0.363649078,-0.599896889,-0.114448127,0.101574819,-0.033301556,6.45,0
199,1.02926862,-0.516292307,1.291785339,0.364676364,-1.278463379,-0.196378321,-0.610174765,0.111794036,1.075349928,-0.537594445,-0.000486523,1.13476791,0.424995473,-0.593341681,-0.144918112,-0.587708829,0.587058523,-1.319977617,-0.114311929,0.015553567,-0.132859062,-0.181489979,0.122150707,0.69845342,-0.008469875,0.931970824,-0.022778635,0.026640287,61.18,0
199,1.187706334,-0.141019355,0.563458522,0.766382585,0.151071026,1.596936995,-0.742474537,0.458518379,0.66947612,-0.089758643,-0.329412835,0.956379503,0.741039589,-0.339639868,-0.199561539,0.462226356,-0.877941711,0.485550141,0.367603273,-0.064766548,-0.090517053,-0.023452358,-0.207476674,-1.686136527,0.559743064,-0.291579652,0.086083246,0.008421852,9.99,0
200,-0.304922925,-0.521387699,1.341180514,-0.255797283,-1.120915926,0.918260347,0.174348117,0.358936082,1.208379613,-1.115110433,0.792522518,0.947250296,-0.63752171,-0.05079562,0.548192833,-1.546895848,0.732697001,0.491793062,2.642445058,0.490222139,0.124286738,0.405697718,0.418190996,-0.305738137,-0.487991443,-0.559780152,0.171079309,0.107152651,196.7,0
200,-1.269461299,-1.027152549,2.261372999,-0.504356014,0.693421365,1.237761226,0.056065337,0.09191899,-0.676680063,0.329999625,0.426491433,0.48536023,0.795882264,-0.910867353,0.715258881,-2.744935024,0.679419159,-0.700312693,-3.463993232,-0.527727087,-0.131777408,0.697266173,0.288501059,-0.644486714,0.027409373,-0.329713693,-0.291794564,-0.381556141,79.0,0
204,0.860652097,-0.247375224,0.754082235,1.185491707,-0.486174312,0.241012929,-0.197775505,0.136015068,-0.13892014,0.069816154,1.630627532,1.422599056,0.929052854,0.190489661,0.688744903,0.33600991,-0.633726755,0.158199078,-0.740965871,0.176969316,0.285398313,0.612468202,-0.175761317,0.047502654,0.378591616,-0.305091515,0.037625667,0.043643522,137.3,0
204,-0.938225555,0.104717344,1.309641702,-0.867536533,0.450685256,-1.437502176,0.650603583,0.028359911,-0.58867849,-0.556394135,1.156113141,-0.218437377,-2.049263205,0.896911813,-0.276749044,0.463415472,-0.500606336,-0.221200835,0.012236949,0.004380235,-0.237085534,-1.150829278,0.262462123,0.475206184,-0.516789844,0.426883032,-0.058198038,0.107995679,39.94,0
204,-0.18842395,0.87760183,-0.73468591,-0.9134037,1.941770351,4.037422713,-1.707118367,-2.537640843,-0.590337624,-0.763038648,-0.154033225,0.252520189,-0.279930472,0.883568857,1.083943287,0.826626293,-0.724612716,-0.000784141,-0.001108105,0.543408832,-0.824078772,-1.042330686,0.168264918,0.963855361,0.887849695,0.171166714,0.012283966,0.164537715,1.98,0
205,1.182398882,0.059488688,0.310672612,0.828817335,0.341209078,1.112592947,-0.292777954,0.287394091,0.268307131,-0.087575427,0.151276897,1.315882683,0.93045189,-0.138173545,-0.521815312,0.095149583,-0.626292732,-0.174092779,0.488467737,-0.061462541,-0.337817781,-0.776840499,-0.05648606,-1.35698587,0.475789717,-0.546518635,0.063034739,0.008046696,12.99,0
206,-1.499761074,1.059588047,0.496912353,1.006069237,-0.672949231,-0.490299273,1.102432859,-0.084853847,-0.599232628,-0.072664363,-0.52773437,0.193356027,0.571694371,0.369248043,1.037853706,-0.145020599,-0.131197506,0.055643204,0.507018755,-0.634803521,0.08270953,0.610347844,0.257934001,0.426521346,-0.145908899,-0.34851996,-0.215145689,-0.027602352,153.91,0
206,-1.427151559,-0.527766419,2.460153272,-2.807481891,-0.457111342,-1.365708945,0.516031464,-0.132600601,1.654158677,-1.861968658,-0.375046908,0.347861161,-0.476259222,-0.591427377,0.226692072,-0.05358509,-0.642540807,0.107727368,-0.995080434,0.332844186,0.175522356,0.57565524,-0.11169721,0.7529476,0.675003749,-0.162285584,0.058107434,-0.086260874,101.0,0
206,-0.370562536,0.599809965,0.216683002,-0.513092693,2.697142555,3.882795304,0.29554467,0.850059083,-0.297189192,0.191989943,-0.925471067,-0.369425197,-0.377793565,-0.493814118,-1.48133579,0.68436227,-1.048205155,-0.256700186,-0.859905689,0.11388961,-0.147919657,-0.176213674,-0.120574835,1.042297493,-0.391704857,0.675404597,0.163594994,-0.004996535,10.27,0
209,-5.852465108,5.26737615,-1.761894935,-1.441250063,-0.988528968,-0.672186732,0.075759669,0.774198153,3.580112198,6.510779226,1.276495686,0.837057429,0.377257168,-1.614809223,0.534728164,0.416673221,-0.54182781,0.228258298,-0.243878982,2.983262081,-0.910910332,-1.204988487,0.215766032,-0.498065935,1.125918008,0.201449737,2.468867101,1.573083584,8.97,0
209,-0.742877146,0.563251743,1.207243263,0.912388004,1.053790705,0.574722633,0.215632907,0.253663165,-0.434722396,-0.048010517,0.252837088,0.43242893,-0.429693555,0.210474809,-0.529153893,-0.654788127,-0.011331644,0.075368494,1.08980618,-0.118911674,-0.007178015,0.166434241,-0.370094052,-0.793211476,-0.014647417,-0.251252202,0.086312821,0.089217379,1.19,0
209,1.228501161,0.091870473,-0.268384945,0.748905031,0.44902668,0.45360359,-0.013059548,0.09852564,-0.068926421,0.222077562,-0.32422806,0.016579842,-0.299508894,0.542127238,0.475754103,0.948127349,-1.335988386,0.962845574,0.505213509,-0.026945063,-0.098693862,-0.410240279,-0.271816803,-1.419976808,0.701940047,-0.335894753,0.003434963,0.003993881,45.0,0
209,-0.572010633,0.374980871,0.923823033,-0.954005872,0.753635444,0.139494795,1.450747739,-0.551715607,-0.12615854,0.068444879,0.351181327,0.224943615,0.448234262,-0.362391077,-0.297472256,0.828896267,-1.64672971,0.559570501,-0.20328508,-0.127564678,-0.030323651,0.334778622,-0.192455176,-0.790313074,0.110172912,0.309764577,-0.504722784,-0.498287039,95.56,0
209,-0.429224487,0.698849366,1.588982428,1.297156594,0.119330666,0.214132796,0.387461417,0.276523894,-0.483147502,-0.091351558,1.01143226,0.189488597,-1.61934665,0.532984685,-0.354372269,-1.013301333,0.533988588,-0.072675146,0.977968784,-0.055186254,0.073324602,0.324849199,-0.102067667,0.214137052,-0.251234424,-0.267043849,0.169115334,0.13383226,13.99,0
210,1.293927047,0.338070714,-0.042758725,0.502133796,0.072282583,-0.583457916,0.123778874,-0.18746752,0.00188298,-0.303396211,-0.717596678,0.265054232,0.948911112,-0.449331226,1.092810817,0.697079096,-0.342141341,-0.094490672,0.109940711,0.005472686,-0.329232513,-0.942138921,0.008263842,-0.492104263,0.342975495,0.143926316,-0.022440506,0.025373448,12.99,0
211,0.263523486,-1.812896806,-0.311086762,0.412929594,-0.794605397,0.196364792,0.416625915,-0.062991181,0.345392201,-0.363639666,0.379691153,0.911096513,0.133218505,0.118926728,-0.674517208,0.337849604,-0.450552,-0.001172858,0.858372836,1.010958119,0.002672337,-1.04234241,-0.480537703,-0.414742512,0.111705661,0.819589851,-0.168906284,0.07820301,526.96,0
211,-0.247826973,-0.28268211,1.653354215,-1.014864635,-0.680433316,0.886363857,-0.538200542,0.377969653,-1.230879191,0.522507866,0.605212426,-0.924201301,-0.363162226,-0.14202399,1.120026952,1.190446263,0.176379066,-0.106613716,1.598605339,0.373669489,0.545695994,1.400962001,-0.133992442,-0.810781923,-0.34854377,0.093030862,0.165625677,0.130422212,70.0,0
213,-0.263380494,0.959102737,0.285739874,0.604067511,3.228819561,3.799503053,0.715285472,0.429148331,-1.155492491,0.873230617,-0.341117346,-0.793205363,-0.159974704,-0.05696762,0.429550164,0.611279191,-1.299714457,0.280440665,-0.447446015,0.139951999,-0.015245439,0.059111288,-0.291824828,0.992903115,-0.128938406,-0.111062585,-0.340205678,-0.31029687,4.38,0
215,1.087791655,-0.143548188,1.374291017,1.28739919,-1.10064226,-0.017109546,-0.705609123,0.266580257,0.73536823,-0.011940569,0.959388031,0.825931515,-0.863981013,0.004954077,-0.452153906,0.251123165,-0.379484867,0.461532027,0.004879763,-0.172534083,-0.003904289,0.112284764,0.014104496,0.512267929,0.329601652,-0.436531407,0.063249858,0.029066572,12.99,0
217,-2.421229941,-1.369602127,2.261281491,2.01103383,1.878525227,-1.275607365,-1.251028565,0.212619224,0.142608349,0.000981629,-0.504586082,-0.032401586,-0.977309182,0.028345603,0.462211286,-1.193536693,0.863242426,-0.606630589,0.800708777,-0.411784619,-0.08957682,0.157737289,-0.624864828,0.487155905,0.270894072,-0.093370264,0.330056238,-0.056340279,24.0,0
218,-0.3917246,1.106354995,0.787765451,0.510525488,0.832968319,0.151659326,0.588154973,0.312914373,-0.772828747,-0.868831246,1.881226155,0.062618666,-1.070830467,-0.701764788,0.742399218,0.045569359,1.016696072,0.305578304,-0.865471674,-0.155767007,0.122192274,0.365017683,-0.213949885,-0.421854377,0.045355497,-0.323299425,0.080658833,0.037889138,1.0,0
218,-1.045668501,0.485509651,1.569232319,0.160929385,0.862461841,0.523043101,0.765996933,0.092998318,-0.037045458,-0.184662859,1.062635552,0.376407282,-1.423233787,0.075105626,-1.040320461,-0.70883895,-0.034008623,-0.759177728,-0.961683208,-0.377133222,0.01287506,0.359807872,-0.075787858,-0.317591114,-0.073339151,-0.532773143,-0.241139502,-0.124891245,17.56,0
218,1.201989343,-0.034451788,0.696627869,0.956745644,-0.005826667,1.095223183,-0.574523945,0.243435118,0.788418629,-0.283254226,-1.599973187,0.79199716,1.547688821,-0.670645288,0.390816286,0.132999511,-0.551379079,-0.213061506,-0.052585407,-0.031041499,-0.109658218,-0.011903794,-0.166957786,-1.295059701,0.570792862,-0.296854331,0.094955219,0.024007887,12.99,0
220,-0.59206007,0.785903889,2.806517307,2.935465904,-0.356682167,1.127563256,-0.225129742,0.514860854,-0.757540591,0.523215622,0.10410451,-0.253154438,-1.288389832,-0.076337142,-0.644122612,-0.058814926,0.172292236,0.6953336,1.665713037,0.134949472,-0.105160641,-0.216886669,-0.190513969,-0.033155554,-0.001445037,0.200179302,0.109606225,0.084341017,18.96,0
220,1.219112097,0.053694134,-0.18032073,0.680940922,0.521583985,0.893232536,-0.201393423,0.333033499,0.100312094,0.194016376,-0.233573338,-0.442221838,-1.488922355,0.803478551,0.866548282,0.789377988,-0.996282868,0.394383089,0.29186127,-0.179394879,-0.364700154,-1.198737848,-0.024732532,-1.82484141,0.334878475,-0.589181095,0.019988218,0.00053203,22.58,0
221,-0.342871277,-0.199545805,1.976352578,-0.003494934,-1.170365599,0.883500932,-0.151879286,0.160105718,0.137973356,-0.060121656,-2.201009463,0.852035106,1.478893322,-1.653727065,-2.750145065,-1.814001872,-0.021557592,1.102767148,-1.018303545,-0.572161856,-0.313443189,0.086207298,0.10960035,-0.098950647,-0.943009394,-0.618657205,0.253306203,0.240271463,99.82,0
221,-1.177731398,0.318500556,1.727122639,-0.549578484,0.737291973,-0.050963245,0.555481889,-0.041756012,0.219520198,-0.262389264,-0.143989694,-0.576367218,-2.128980314,0.045078555,-1.132141519,0.311233375,-0.739914396,0.326510618,0.377478044,-0.321357317,-0.279323708,-0.640571457,-0.554583863,-0.510508094,0.403269619,0.178327047,-0.354579192,-0.233332153,25.36,0
222,-0.352704348,0.975517479,1.603364515,-0.282474919,0.480561447,-0.222646815,0.850193971,-0.265018145,-0.283460179,-0.160346479,-0.89986243,0.285475922,1.584515371,-0.490929565,0.856471588,0.362685699,-0.936915002,-0.014100866,0.221105988,0.304619933,-0.139085969,-0.062303629,-0.231531475,-0.412572194,-0.180926555,0.201127466,0.178832422,-0.034649984,7.81,0
222,1.086971163,0.045122322,0.475774395,1.344244178,-0.302640743,0.00440761,-0.096403605,0.182898066,0.193464332,0.073512815,1.144165915,0.66265458,-1.421030701,0.509992075,-0.679440105,-0.52963176,0.153906813,-0.403244853,-0.15006424,-0.239993183,-0.044043853,-0.007869449,-0.044243035,0.213380359,0.562624828,-0.340026072,0.02673675,0.007185347,18.61,0
222,-0.44364031,0.981192772,1.234397173,0.099497167,-0.051269792,-0.92744122,0.862786135,-0.097128282,-0.442318207,-0.556097695,-0.17586303,0.022964412,0.336249776,-0.464505642,0.875372202,0.381508386,-0.00628756,-0.144792087,-0.103985472,0.239100596,-0.230771957,-0.677441645,0.099783921,0.334203966,-0.13277969,0.0696742,0.229406501,0.102884057,49.99,0
222,1.081026808,-0.13945451,0.483881152,0.642056748,-0.186845482,0.538283349,-0.302749466,0.315920498,0.277327557,-0.102328981,1.396865139,1.050423758,-0.703592689,0.295139625,-0.344873194,-0.651014515,0.376377131,-1.056711907,-0.21632355,-0.187038936,-0.124039027,-0.190064258,0.05789595,-0.269353556,0.253835253,0.311885576,0.001591344,-0.003467797,17.24,0
225,1.478772853,-0.551088522,-0.52315164,-0.831153456,-0.195412843,-0.289192879,-0.279251534,-0.205606497,-0.647805959,0.576602127,-1.762814859,-1.010277351,0.142994789,-0.25663466,-0.114715933,0.940801678,0.119767443,-1.188765728,1.335459621,0.131486785,0.071143561,0.2106347,-0.356277858,-0.954150787,0.963444843,0.019195034,-0.016289243,-0.006383678,34.0,0
225,-0.608830735,0.876837021,2.495715337,3.138674285,0.161264311,-0.10709857,0.515853835,-0.138225659,-1.035070346,0.85190938,-0.250992691,0.420239244,1.034333322,-0.555149172,0.067540534,-0.680939737,0.366019892,-0.583614936,1.052341556,0.554610925,-0.262866247,-0.439237336,-0.006774708,0.717470886,0.19974157,0.072400954,0.099756045,-0.136524288,35.11,0
227,-1.465380992,1.382171684,1.019789918,0.250367121,1.011414474,-1.281807189,1.186866057,-0.312608099,-0.70150296,-1.067341277,0.205773218,0.315038324,1.297578948,-1.95178242,0.410606163,0.622670687,0.534444833,0.48583697,-1.096382118,0.004783724,-0.038147464,0.083480742,-0.266017332,0.270832696,0.754352711,-0.491529029,-0.689818884,-0.329373595,1.0,0
227,1.120599263,-0.313307918,0.3953088,0.59675572,-0.420411587,0.325861882,-0.404104828,0.283070666,0.630034936,-0.066353483,0.581689122,0.291918125,-1.696041528,0.329314905,-0.639279548,-0.282943359,0.103545928,-0.236211823,0.278183756,-0.183093017,-0.039015992,0.005731507,-0.108843524,-0.283232642,0.441306326,0.579529088,-0.026438781,-0.007082327,29.95,0
228,1.105767571,0.333011981,0.184148099,1.276948238,-0.078118435,-0.810948603,0.45932983,-0.170552492,-0.290556782,-0.000205465,0.171826832,0.336856357,-0.353034589,0.648164148,0.957317219,-0.390555323,0.063750713,-1.201578176,-0.64112557,-0.126872888,-0.282530888,-0.910369959,0.149046367,0.348783204,0.322329797,-0.671068883,0.00591269,0.028251926,45.3,0
230,-0.420269748,0.814760402,1.513242393,1.292782097,0.138053047,0.223342242,1.08808368,-0.150282357,-0.216385801,0.036197394,-0.489127253,0.181306518,0.083521781,-0.23630839,0.223610259,-1.300535658,0.506323814,-0.711513697,0.708409608,0.369869323,-0.043948199,0.313610073,-0.033527354,0.097487277,-0.080281832,-0.255178709,0.244130619,-0.013383768,79.18,0
231,-0.961507377,0.743351362,1.173581813,-0.222593449,0.740528101,1.739958789,0.313012828,0.699418767,0.354715619,-0.333261451,-0.566075416,-0.408623499,-1.512209778,0.106308676,0.878588667,-1.476939479,1.134323103,-2.143362147,-0.98179817,0.005876782,-0.152861743,-0.011971042,-0.039393923,-1.504440108,-0.248248131,0.411290562,0.497315299,0.207499416,26.98,0
231,0.28309985,0.819283967,1.05430883,0.348488289,-0.156816751,-0.509168874,0.050382122,-0.908179117,-0.406902611,-0.610898197,0.610229487,0.966775768,1.167915091,-0.419693057,1.123807698,0.076191843,0.368976203,-0.975219854,-0.802955757,-0.165241016,0.509395353,-0.96211817,0.040062709,0.381392059,0.754119114,0.179193198,0.051790788,0.114121045,1.98,0
234,-0.602482641,0.479088625,0.549750379,-1.069814294,-0.501686511,0.214778428,-0.139682615,0.558440155,-1.914256571,0.395763967,1.501178618,-0.346972472,-0.716692149,0.661587681,0.471344867,0.251715708,1.111332355,-1.557735856,0.97903493,-0.046952802,0.433866272,1.039252171,-0.02503483,-0.26074834,-0.456975215,-0.117580785,-0.073710154,0.055203629,42.81,0
235,-0.663511067,-0.044443226,1.029253315,-2.49807231,-1.350084557,-0.798774292,-0.581071299,0.480997364,-2.517036631,0.961802327,0.656159004,-0.759858385,-0.52260432,0.213254242,-0.782823826,0.110467114,0.192158139,0.695763389,-0.569209445,-0.357884369,-0.051895277,0.070845524,0.039321165,0.275750183,-0.33025134,-0.423935955,0.251988907,0.13395699,25.0,0
236,-1.169086543,1.096292458,0.669688007,1.052534435,0.422465153,0.703450418,0.039273456,0.672068339,-0.457398804,0.09554305,0.1570947,0.565152077,-0.332747702,0.456905426,-0.392642541,-0.655307143,0.242118562,0.144194928,1.360636602,-0.115601334,-0.010604165,0.224394574,0.00134528,-0.807531718,0.035781047,-0.198103779,0.091106721,0.075883959,0.99,0
236,-0.438337379,1.028363751,1.455501718,-0.230274702,0.198899418,-0.358325092,0.659132798,0.059987619,-0.74186332,-0.167485718,1.123057123,0.906575443,0.717445968,0.177484339,0.094041711,0.459450111,-0.805969584,0.165908019,0.422937724,0.1736051,-0.187515799,-0.485441649,-0.07413842,-0.002585504,-0.153928467,0.071891188,0.264233311,0.109265075,7.14,0
237,1.260247838,-0.020171924,-1.16438654,0.26625144,2.184886405,3.607421198,-0.436996595,0.848744528,0.172270917,-0.01901315,-0.542311282,0.236194242,-0.222535111,0.191842275,-0.15095875,-0.101089256,-0.510785081,-0.076002045,0.363062716,-0.035543494,-0.182468888,-0.481652927,-0.128006069,1.009958623,0.892620611,-0.326798433,0.025039025,0.012734637,9.99,0
237,-0.473290464,0.479627277,1.528537859,-0.098185059,-0.005520022,-0.773256008,0.667999939,-0.030045959,0.058419558,-0.806745354,-0.948756457,0.011521245,-0.531035687,-0.149683648,-0.772735053,-0.085468463,-0.190333236,-0.573851596,-0.334988561,-0.085259427,-0.143162886,-0.41383794,-0.038396737,0.39934429,0.114655885,0.12123307,-0.044413217,0.002268828,32.51,0
238,-0.992403869,1.62659146,0.960247699,0.091998678,-0.237962949,-0.550796475,0.108648546,-0.378489746,-0.69448027,-0.745466071,0.339333419,0.937414995,1.214786632,-0.26505983,0.942094621,0.071852575,0.57162885,-0.781083299,-0.600783143,-0.13386377,0.602089748,-0.693278327,0.209737182,0.36506777,-0.195155186,0.086514259,0.183660533,0.043363695,8.99,0
239,1.167526651,-0.318288402,0.502463956,0.033904054,-0.584284752,0.024591688,-0.413737553,0.186412001,0.605944768,-0.221309819,1.115793218,0.941680714,-0.744337284,0.111580899,-0.686027923,-0.433618408,0.250640522,-0.596921964,0.39467487,-0.138335663,-0.040544175,0.09239604,-0.038320919,0.115914749,0.319733279,1.125327062,-0.058855274,-0.014191569,10.0,0
241,-1.142320931,0.626404913,2.526916953,2.827972706,0.619263138,0.897473007,0.536277598,-0.060163157,-0.813748587,1.426859133,1.200259668,0.094229291,-0.633967682,-0.321429687,-0.117594042,-0.722018602,0.241443966,-0.264653095,1.229591481,0.263685556,-0.309746479,-0.269173012,0.17739635,-0.019577913,0.048650638,0.068830507,-0.246502752,-0.230836924,10.62,0
241,-2.39844587,2.022960549,1.628461705,-0.540476996,-0.512595924,0.238407467,0.171943838,0.179582825,2.125254788,2.084364543,-1.465850114,-0.610687813,-0.661136181,-1.216372892,0.350778116,0.044410677,-0.549515406,0.146798984,0.264154096,1.21302871,-0.443559859,-0.358060673,-0.293969236,-0.464450644,0.704249305,0.429738215,0.968048304,0.400390272,4.81,0
241,-0.849347742,1.019507723,1.517236217,0.579467599,0.539186512,-0.211664897,1.346509055,-0.989693615,0.904158728,1.629664708,-0.294980418,-1.732265415,-2.583336205,-0.255723094,1.724557231,-0.920977104,-0.235879982,-0.208125082,0.102785439,0.065724466,0.004282034,0.508111368,-0.180736599,0.017424799,-0.52566178,-0.480661458,-1.187697276,-0.654815656,12.2,0
241,1.181571969,0.241407903,0.024536924,0.885832028,-0.121471371,-0.275551751,-0.142414303,0.031282555,0.253328447,-0.624588345,1.131631834,1.126151681,0.452170474,-1.517465823,-0.98281116,0.36651166,0.726422221,0.558842442,0.393116063,-0.010393815,-0.14311393,-0.172135917,-0.156843588,-0.045282262,0.583795268,0.412511399,0.001453835,0.030862791,12.31,0
242,-0.398935075,0.941953268,1.359288453,0.013490103,-0.191939978,-0.824440909,0.474948313,0.175556956,-0.362986724,-0.283273788,1.325201749,-0.396477304,-2.020689972,0.181072419,0.399853329,0.614077431,-0.052883399,0.53763728,0.135445718,-0.012257909,-0.222209702,-0.704461341,0.020806762,0.429138402,-0.286396851,0.048579385,0.229095606,0.085802239,2.69,0
244,-1.118945511,-0.071366221,2.80776898,1.0256754,-0.100748063,0.508680181,0.620313326,-0.213137331,0.333039388,-0.074899139,-0.345926864,-0.232475666,-0.162169272,-0.698455934,1.245755459,-0.514205881,-0.051724407,-0.122802592,0.216859009,0.101302228,-0.045781709,0.455553475,0.170942396,0.076211019,0.197637238,-0.286673841,-0.230529528,-0.405084168,100.37,0
246,-1.077045918,2.140915813,1.152883756,2.4588339,0.576572373,0.845960887,0.015986895,-2.764261569,-1.114618237,1.43836983,-1.015372365,0.074781547,1.623446644,-0.270680727,1.074918999,-0.02232697,-0.333327228,0.269594459,0.997790756,-0.237666882,2.429373605,-0.244539304,0.063245956,-0.448631099,-0.236189512,0.233936972,-0.295667683,-0.054944516,1.5,0
246,1.311258486,0.07502777,-1.292832404,-0.483154333,2.139256911,3.181563924,-0.505045118,0.804860255,-0.074070833,-0.217425556,0.131576213,-0.028146149,0.01145979,-0.112921114,1.300007138,0.812807415,-0.495483473,0.166473112,0.175176224,0.032734124,-0.342676245,-1.148503557,0.095278816,0.946121234,0.369712917,0.110625671,-0.021836606,0.023638378,1.98,0
246,-1.069199853,1.239963348,0.545157122,1.005353982,-0.025695582,-0.910672796,0.422441828,0.049283424,-0.564600769,0.143901655,-0.323632933,0.862355052,1.646158812,0.103236346,0.88560936,-0.279569769,-0.1991,-0.100956386,0.374318967,-0.134161666,0.146554845,0.602990282,0.132655946,0.427112526,-0.084030137,-0.417194317,-0.897884839,-0.462041529,2.98,0
247,-0.685769792,0.554019231,2.014829479,-0.561032758,0.683347066,0.002232257,0.804393713,-0.154562903,0.339899948,-0.964056302,-1.604017665,0.617382934,1.38353783,-1.027599556,-1.285563771,0.534263332,-1.320646457,0.04495524,-1.493769742,-0.051472195,0.113872721,0.642716157,-0.421980099,-0.411622374,0.359461179,-0.545005668,-0.040244115,-0.096933987,18.94,0
248,-0.216866831,0.900896218,1.502850277,0.812492451,0.193952498,-0.031488309,0.490795205,0.120990624,-0.907335774,-0.10626925,1.750771741,1.11954386,0.592076069,0.364704377,0.611496991,-0.349770202,-0.174297109,-0.026468492,0.23571838,0.023362317,0.14749652,0.463469893,-0.045123866,0.22412587,-0.275401644,-0.415338771,0.108635141,0.052980915,10.0,0
249,-0.788406123,1.125172284,0.9342131,1.155815325,-0.028517725,0.489476031,0.067377115,0.775357006,-0.507976501,-0.124046576,0.415851211,0.21610434,-1.399988811,0.765481453,-0.356870972,-0.745510715,0.501830611,0.119294748,1.139479161,-0.022728451,0.02645119,0.204264804,-0.12879421,-0.319663017,-0.095104113,-0.214422719,0.291528516,0.120686188,13.28,0
250,-1.337374908,1.109391198,1.39622252,0.038717734,0.520267384,-0.259157171,0.806328794,-0.016192346,0.425313885,0.60752157,0.320420847,-0.092813182,-1.714827425,-0.059830714,-1.383867122,-0.080676266,-0.659479714,0.267491803,-0.127899945,0.137317525,-0.200430973,-0.116354157,-0.398651887,-0.034692248,0.444577864,-0.489117798,0.259927298,0.065547117,5.96,0
251,1.206637834,0.143344829,-0.131755553,0.902486189,0.21954724,-0.028155258,0.099294716,0.002019829,0.166709162,-0.014765734,-1.072737799,-0.471208191,-0.752133516,0.548864046,1.333077291,0.046136123,-0.401576804,-0.213131374,-0.415565039,-0.149144771,0.00641446,-0.000173222,-0.186809603,-0.77728434,0.686914708,-0.246619858,0.018175927,0.011323876,31.8,0
251,1.071812684,-0.249927203,0.189825005,0.19110892,-0.615778945,-1.074104296,0.213633076,-0.322513461,0.046084009,-0.192352281,-0.145525136,0.57166102,0.891624283,0.108958561,0.977413551,0.209149364,-0.34836972,-0.459603714,-0.087733531,0.214073657,0.095917506,0.089348763,-0.159514355,0.487008617,0.365901029,1.0560726,-0.101425335,0.022797105,120.0,0
251,-0.238642949,-0.146691284,0.829323343,-1.776739438,-0.080048341,-0.74750872,0.404431479,-0.103808612,-0.753138701,0.663142803,0.283325591,-1.55434367,-2.656600591,0.111714584,-1.366231938,1.003229328,-0.019346246,-0.681442345,0.593361977,0.108920148,0.219064699,0.729403524,-0.163950239,-0.020061112,-0.32568541,-0.349222862,0.203501039,-0.005248873,24.0,0
252,-2.395433913,-1.545369136,1.9193912,1.062513568,-0.627806202,1.154561001,-0.861500739,1.08948639,-1.34126756,0.200625622,0.824199619,1.088348401,0.539608343,-0.071028266,-0.385580937,-2.407422441,1.103434148,1.035900104,-0.146973943,0.561230219,-0.120568529,-0.473852622,0.453082048,-0.323900293,0.105116691,-0.219200406,0.261788844,-0.122953638,231.71,0
256,-1.377245329,0.714822534,2.507512766,0.865082434,-0.290489181,1.077327555,0.032507083,0.510945608,0.717788301,-0.256417813,0.316423719,0.759520508,-1.439420629,-0.592772797,-2.397140825,-1.072538941,0.615996407,-0.58145074,0.714980257,-0.125335333,-0.341852731,-0.60673121,-0.0997405,-0.009123052,0.32837917,-0.506683335,-0.032234738,0.139840723,13.53,0
256,-0.471795901,0.523168691,1.948966931,0.995503206,0.379068803,-0.577466231,0.521413,-0.128940115,-0.704961977,0.186558625,1.501565906,0.664845538,-0.018762922,0.250553273,0.421563857,-0.006430383,-0.544373443,0.313879407,0.692053454,0.200163411,-0.099421923,-0.287138748,0.151287521,0.490366664,-0.72525226,-0.741833504,0.004783567,-0.04597688,18.45,0
257,-0.599318041,0.88752482,1.57921402,-0.113727896,0.304991227,-0.182828895,0.503722003,0.241375357,-0.722595859,-0.627363824,1.465896903,-0.014762902,-1.229367808,0.102504309,0.589320458,0.308128256,0.135025333,0.09120458,-0.039248801,-0.088090563,-0.137630842,-0.524585959,-0.057729284,-0.058980064,-0.3203422,0.089180092,0.058978533,0.098448491,1.98,0
258,1.130932761,0.178069339,0.533439524,1.478955262,-0.342933189,-0.379986284,0.063252924,-0.022391243,0.312977804,-0.118844723,-0.294393905,0.480791964,-0.484192622,0.145854431,-0.085468494,-0.804316603,0.39991977,-1.047994367,-0.490789193,-0.209400586,-0.080364138,-0.022293001,-0.023433163,0.40043391,0.607259257,-0.332017201,0.037440813,0.01952664,13.79,0
259,-0.942940341,0.206074136,1.625992033,1.108391572,0.8758379,-1.215716315,0.271172621,-0.089238369,-0.755539161,-0.26172915,-0.378812347,0.119446955,0.453332666,0.258750399,1.138746762,-0.331053068,-0.146362628,0.06349228,0.460361871,0.311898358,0.150837698,0.188497047,-0.14863678,0.407169538,0.644706714,-0.193470324,-0.028919585,0.00532277,20.17,0
259,1.095067418,-0.014392712,1.408552105,1.266545955,-0.944750549,0.029577856,-0.598514656,0.175290621,0.48523098,-0.059239308,1.2399886,1.703944421,0.789333518,-0.325086572,-0.633020578,0.174004833,-0.474895384,0.259108435,-0.004693564,-0.072112865,0.01310708,0.248009414,-0.002563725,0.570099686,0.387136518,-0.442319387,0.074530611,0.03221469,9.99,0
259,-1.569485289,-1.932133383,1.249202816,-4.43421128,1.244282139,0.402687982,-0.649554378,0.534755946,0.886183163,-1.275649361,1.52530374,1.28699549,-0.303788262,-0.149255372,0.514473637,-3.133093384,0.47158757,0.110395401,-2.321077257,-0.17891098,-0.07465869,0.397404664,0.19903032,-1.386012633,-0.141955194,-0.984010664,0.274078667,-0.01978434,55.45,0
259,-0.363607748,1.104008326,1.300678453,0.070314296,0.075179663,-1.010396387,0.683396194,-0.073377912,-0.40186579,-0.508232822,-0.199288745,-0.03807813,0.188826233,-0.441824902,0.887319497,0.377647533,0.005553148,-0.147300475,-0.090921163,0.123176389,-0.261158414,-0.685436106,-0.013662176,0.336312611,-0.157577368,0.071699427,0.245538854,0.099036534,0.99,0
260,1.45590577,-0.928378048,0.353459043,-1.377866551,-1.233133318,-0.600292234,-0.817625523,-0.185506986,-2.053664591,1.362869941,-0.073996705,-0.324252192,1.277704916,-0.378084972,0.678450057,-0.763978915,0.770637036,-0.774297122,-0.517623063,-0.28483502,-0.306224122,-0.468313836,0.119444923,0.052555236,0.255276477,-0.313338146,0.044343352,0.022090896,26.5,0
260,1.026701748,-0.661664688,0.8976009,0.144402801,-1.105205361,0.020245082,-0.707266806,0.195918328,0.743371435,-0.118938661,0.741294501,0.603257301,-0.421646962,-0.042892426,0.090411422,0.694674045,-0.590144597,0.572237291,0.329715854,0.112744748,0.150660749,0.322397709,-0.15473629,0.097654642,0.174639029,1.103204724,-0.060709141,0.016598369,99.0,0
260,1.075229011,-0.335339468,1.680467942,1.192098388,-1.270530762,0.313498288,-0.871024862,0.235401729,1.315260839,-0.478206972,-0.370612661,1.506748861,0.848506498,-1.067779363,-1.105966076,-0.941599861,0.710495612,-1.057347979,-0.295389514,-0.113252987,0.092929517,0.815226885,-0.05455139,0.731148708,0.431464973,0.580189202,0.062528164,0.025628072,5.46,0
261,1.260327831,0.299160898,0.527681133,0.614898903,-0.420591873,-0.977533147,0.108485268,-0.244502212,-0.058316412,-0.085827832,-0.098362672,0.732373958,0.996718048,0.103733324,0.956963773,0.270445474,-0.461479594,-0.626390247,-0.124085429,-0.049241866,-0.249401231,-0.688429347,0.128289705,0.398966855,0.240282308,0.092212793,-0.024633117,0.020529303,1.98,0
263,1.143648911,0.128210203,0.407255475,1.160950092,-0.504531514,-0.904842966,0.111993062,-0.151667475,0.180408481,0.001026601,-0.51175531,-0.233763135,-0.814985243,0.513246951,1.12110997,0.219196916,-0.42402828,-0.052362219,-0.3820374,-0.102034097,-0.036000502,-0.221754206,-0.049749745,0.345483344,0.495657728,-0.440443319,0.008208615,0.03168921,49.99,0
265,-0.293838836,-0.044368922,1.093145532,-1.576473121,-0.107491773,-0.791217448,0.291465483,-0.093163912,-1.406365813,0.061024567,-0.464045942,-0.111047283,0.566392854,-0.045035543,0.383371561,-1.457616349,-0.03490802,0.466330849,-1.726448514,-0.451588471,-0.235571213,-0.286206833,0.069302954,0.107632395,-0.385142023,0.86605499,-0.017603208,0.039892577,24.84,0
265,-0.561092494,0.508697738,1.428463595,1.26164025,0.61708316,-0.226754819,0.407580629,0.078410777,-0.331848785,-0.328413638,-0.666642064,0.265367414,-0.046451715,0.029630097,0.006496164,-1.109552221,0.505925318,-0.708276221,0.437556713,0.061166464,0.063084931,0.309058303,-0.037181219,0.098922548,-0.259485856,-0.319379079,0.184780684,0.167585211,13.08,0
265,-0.491003017,0.906952627,1.64542282,-0.083531102,-0.195560099,-0.710165001,0.559118538,0.116340251,-0.538190204,-0.122023317,1.332970731,0.241547185,-0.960824737,0.526002679,0.229368243,0.377199881,-0.520008383,0.186335972,0.230867162,0.062756674,-0.168067297,-0.517387141,0.018650212,0.491651648,-0.277795388,0.043840861,0.253371622,0.111749327,9.03,0
265,0.073631482,1.051207329,-0.281222562,0.853748808,1.065965738,1.21919719,-1.225596906,-2.262214274,-0.584441019,-1.418769413,0.958529021,0.89014718,0.275971998,-0.613831959,1.837590912,-0.600710684,1.918818038,-1.533815049,-2.479603685,0.420519428,-1.15012824,0.870673096,-0.266732961,-1.048732455,0.232705373,-0.262462875,0.187976231,0.231428066,1.0,0
266,-2.56496105,2.470984542,2.64941697,-1.564255709,1.794297039,-0.614741707,4.185906257,-3.855359015,5.436633396,8.737457806,1.682962958,-1.309535687,-0.052481298,-4.890716387,1.60814072,-1.66607798,-2.435921425,-1.16940153,-0.428481921,3.564137979,-1.672706463,-0.463149141,-0.532466362,0.306493529,0.226844144,-0.365415746,-0.936734933,-2.733887119,10.35,0
266,1.289672517,-0.69439938,0.98668348,-0.626997062,-1.561740795,-0.612823745,-0.94903729,0.068871636,-0.744015779,0.825568192,1.277462604,0.281343681,-0.368153738,0.218534881,0.578279944,-0.719648948,-0.341212435,1.582472283,-0.66781851,-0.485381706,-0.411942757,-0.812047651,0.217873272,0.515076902,-0.174402122,0.828401744,-0.039261841,0.01306099,14.9,0
266,0.982539104,-0.229085198,0.00305057,1.44400883,0.20064487,0.636756289,0.012166458,0.128519086,-0.361985519,0.445710347,-1.539866954,-0.838260422,-0.455357738,0.328595737,1.148733261,1.071891627,-0.738483984,-0.563834584,-0.499059635,0.168043643,-0.315217461,-1.347024216,-0.033817192,-1.359831509,-0.005459152,0.706075192,-0.091821696,0.024233805,154.4,0
267,0.992495952,-0.658003087,1.028642552,0.333157076,-1.234309922,-0.322445469,-0.445253089,-0.021940902,1.067243685,-0.529322851,-0.655786828,1.018700178,0.822717545,-0.694579172,-0.378883778,-0.142589557,0.09894836,-0.715780302,0.425629535,0.20735339,-0.155753772,-0.405975849,-0.030386114,0.495300566,0.123243811,0.927555107,-0.049838385,0.035965284,122.36,0
267,-0.071003726,2.114930867,-3.597858245,0.159330037,3.543995415,2.366976359,0.727397877,0.335814437,0.772950206,0.834859178,1.22942916,-0.986304485,-0.344604915,-4.143154095,1.41231336,0.896138453,2.076124658,1.831926309,-0.181220765,0.997323197,-0.45545199,-0.530552332,0.046281633,0.635140157,-0.093466377,-0.418992932,0.463129147,-0.139101654,2.28,0
268,1.146065394,0.285853394,0.562438674,1.459336137,-0.225890773,-0.346302633,0.131987577,-0.085178877,0.136365128,-0.149999068,-0.09610002,1.102136388,0.686087249,-0.089169308,-0.213955766,-0.859372856,0.331942675,-1.192119144,-0.495748975,-0.148534056,-0.071472989,0.076177369,-0.030566689,0.444843265,0.650036517,-0.335735765,0.046371828,0.020898982,6.54,0
269,1.32062603,-1.17433822,0.713431142,-2.177940779,-1.511233594,0.059314279,-1.308064064,0.298795701,0.788813964,-0.200098696,0.835250931,0.506267909,-0.892307728,0.083950916,0.871964931,-1.856352559,0.163267546,1.670423005,0.061359194,-0.577242629,-0.354221197,-0.365280037,0.064821975,-0.322003459,0.152701402,-0.003130662,0.07510294,0.010941135,2.6,0
269,-0.334463053,0.826789327,2.207683,0.470566496,-0.534082396,-0.702738988,0.286891202,-0.039518014,-0.39830363,-0.366167288,-0.069392757,0.225014055,0.565925145,-0.057278812,1.364111564,0.080468182,-0.193560016,-0.02886246,0.374793854,0.083823107,0.053746221,0.174343059,0.01081489,0.735724795,-0.622745184,0.219987378,0.131555959,0.152585571,6.47,0
270,-1.35693549,0.033723808,1.874195372,-1.469101628,-3.125908514,1.677055509,-4.925568043,-7.494657608,-1.278469578,-1.118778465,-1.777744782,-0.233932474,-1.835762022,-0.187562487,-2.594957385,-0.438051331,1.682071354,-0.129589298,-0.924228731,1.394631033,-4.134607658,0.864377541,0.153498688,0.669048805,1.108159478,-0.120671274,0.043392835,0.237635653,52.95,0
271,1.196192808,0.245161003,0.631947468,0.642940902,-0.413132655,-0.699728161,0.01953274,-0.112500121,-0.047057144,-0.12271147,0.371980575,0.794397765,0.674412675,0.20015868,1.21188268,-0.105518258,-0.050858411,-1.151578693,-0.603069525,-0.109478011,-0.203867812,-0.533641292,0.201929024,0.406872401,0.11613734,0.102674899,-0.009121198,0.019700457,0.89,0
271,-0.6897383,1.086090799,1.260978185,-0.386674926,0.023899339,-1.138914427,0.752137851,-0.027373579,-0.032901508,-0.559839866,-0.611787086,-0.986594436,-1.678681412,-0.131995762,0.649186033,0.673278955,-0.157781326,0.007915136,-0.718732186,-0.101036765,-0.23000961,-0.747299988,0.011255009,0.282653054,-0.449784743,-0.08742675,0.182553302,0.202335673,5.99,0
272,0.867478767,-1.102251502,0.608958681,0.826674507,-1.246213975,0.072491603,-0.509152772,0.087330036,-0.46495374,0.643826213,-0.852219191,-0.434294131,-0.768788204,0.080408371,0.601414711,-1.669558467,0.30007547,0.941355461,-1.484141409,-0.239897873,-0.242822812,-0.556612668,-0.110147645,0.025722248,0.263808686,-0.324194584,0.042549947,0.063652116,208.38,0
273,1.124354943,-0.132953465,0.58846703,0.804871452,-0.726265944,-0.521874882,-0.167009965,0.059297676,0.36809289,-0.001930149,1.014765477,0.596596494,-1.346449544,0.382686793,-0.79189977,-0.086203735,-0.075735413,-0.133082038,0.431187526,-0.13953322,-0.165165823,-0.446871466,0.017616887,0.548845156,0.347078763,0.239947949,-0.038564496,0.006764732,32.51,0
273,-0.79297044,0.273688003,2.612040285,1.213495051,-0.225014754,-0.594575429,-0.250743985,0.162628107,0.038632593,-0.401649703,-0.485772083,0.156502666,-0.009438656,-0.224336144,0.761460832,-0.22681814,0.002773652,0.218880553,0.377095265,0.145012028,0.136199842,0.38114011,-0.020689143,0.706052983,-0.234171822,-0.377185425,0.164555212,0.155041967,6.51,0
273,0.216726738,0.710626489,1.224875937,1.139405337,-0.376350606,-0.25398554,-0.034557028,-0.812548331,-0.260261137,-0.128467595,0.053679475,0.020850904,-0.626932857,0.605768304,1.568848391,-0.434883233,0.233917134,-0.534323372,-0.288381351,-0.214411701,0.77347578,-0.233609145,-0.045366371,0.368535478,0.675417972,-0.286280941,0.196729841,0.226031239,18.0,0
274,-0.586189994,0.490033022,0.564065152,-1.228363846,2.860178365,3.363731139,0.263669446,0.703249305,-0.648517819,-0.338281228,-0.088266483,-0.392281621,-0.095892063,0.134683919,1.140451177,0.416862645,-0.94298694,0.096660435,0.513916396,0.241503348,-0.295025553,-0.965886561,-0.207535476,0.989880285,0.25782071,0.114457612,-0.159428052,-0.158920772,1.98,0
275,-0.363518694,0.055464405,1.85757124,-1.085420971,-0.981918254,-0.473025259,0.210564834,0.022670381,-1.641689106,0.28699414,1.29854579,0.49763916,0.44837007,0.076079824,0.153456426,-1.035223639,-0.338424473,1.50792061,-0.441384421,-0.25987666,-0.408214033,-0.907776138,0.248036844,0.492935993,-0.52488905,0.340449354,0.011118634,0.06093585,70.33,0
278,-1.092301406,0.430750476,1.249784913,0.429756534,1.272075585,0.548202767,-0.120591638,0.452571018,-0.414005495,-0.310135569,1.119276966,0.583456279,0.371111672,-0.298619911,2.283799325,-1.281078071,1.537801304,-2.147675737,-1.068491135,-0.052707693,-0.078915641,0.072869692,0.126237046,-0.648164955,-1.04910405,0.206696474,0.411803301,0.188800422,2.69,0
279,-0.85706252,0.204627008,2.186984767,-0.04558938,0.472689256,-0.187450055,0.435892422,0.010475129,-0.182090531,-0.369532838,0.599525509,0.285635911,-0.803135139,-0.103033292,-0.835167712,-0.084479034,-0.353418014,0.105380713,0.928780621,0.175356396,-0.237292728,-0.61172404,-0.190795744,0.003335622,0.212665732,0.29566419,-0.175260143,-0.165614292,19.29,0
279,-0.365229402,1.104352159,1.290216783,0.070320596,0.043432025,-0.98520407,0.727143755,-0.081309808,-0.416811446,-0.518897924,-0.187404607,-0.00477263,0.258662056,-0.455462191,0.879676194,0.376498897,0.000668865,-0.153047032,-0.0935017,0.140779128,-0.257010785,-0.679352341,0.00114649,0.33729866,-0.152680673,0.071208496,0.243796748,0.099435804,8.99,0
280,0.878794493,-0.266909198,0.409706011,1.509808074,-0.487798048,0.376829476,-0.389288343,0.33136114,0.702727615,-0.574106367,1.111967187,0.599725186,-1.234587532,-1.028018411,-0.780626425,-0.081814287,0.97970005,0.385091634,-0.240107937,-0.001707997,0.025055821,0.110526605,-0.191237157,-0.059199193,0.504350122,-0.271526148,0.059099556,0.053500821,109.15,0
282,-0.35646619,0.725417515,1.971748889,0.831342715,0.369681435,-0.107776263,0.751609904,-0.12016626,-0.420674968,-0.059943219,-0.508270232,0.425506043,0.414309244,-0.698375267,-1.465348651,-0.119008625,-0.144735013,-1.332221249,-1.547440493,-0.13360212,0.02080379,0.424311755,-0.015989129,0.466754445,-0.809962007,0.657334415,-0.043150186,-0.046401395,0.0,0
282,0.057779947,1.550355631,-1.950407891,2.041472847,2.258425812,4.692012457,-2.303907216,-4.492133436,-2.013112905,0.108543877,-0.444927876,0.079246917,-0.418820461,1.642575038,0.914557289,0.379159779,-0.199043721,0.250599297,0.591391397,1.419343307,-2.477110573,0.803885762,0.284486745,0.993048818,-0.039252419,0.173406327,0.181839892,0.378080368,27.0,0
282,-0.426029991,1.04118389,1.063793175,-0.407920575,0.077615125,-0.810862242,0.620734095,-1.048588849,-0.416712414,-0.5752461,-0.465570977,0.662807869,0.974220943,-0.156006298,-0.253610097,-0.434466385,0.066692182,-0.720718703,0.415395581,-0.139565465,0.758833898,-0.107203543,-0.139569167,0.500354815,0.165606516,1.052250429,-0.024388206,0.008397503,2.0,0
282,-0.669415282,-0.169043615,1.301836628,0.370524637,0.950911341,-0.413911033,-0.149037728,0.127021466,0.463115617,-0.595657985,-1.778738437,0.443601044,0.892825209,-0.569168889,-0.752073711,0.22979382,-0.842795468,0.304661459,-0.519398005,0.060159761,0.29748964,0.890769502,0.01274218,-0.407764089,-0.678186259,-0.513178445,0.253350052,0.254336126,11.64,0
283,0.948031797,0.318724757,0.730590898,2.583975169,-0.206464838,-0.2131797,0.220328528,-0.062070303,-0.868018102,0.581173638,0.101195399,0.470399635,0.67528087,0.209463495,0.704330417,0.309108159,-0.281680587,-0.924687992,-1.521306913,0.034971404,0.039314676,-0.069829592,0.004094198,0.39645882,0.295033036,-0.076225776,-0.004447648,0.041688095,94.5,0
283,-0.529995755,0.766553613,1.759393427,-1.160073914,-0.501039671,-1.404512588,0.679279031,-0.242593704,0.520867783,-0.117279871,-3.2e-05,-0.320075008,-0.886311371,-0.176522503,0.606221065,0.426544297,-0.568054205,-0.496516186,-0.982597608,0.138236319,-0.163030547,-0.219407606,0.016959334,0.934128478,-0.327383472,0.668478861,0.114264185,-0.091384806,2.31,0
284,1.141436475,0.081893438,0.503624885,1.487212281,-0.473169878,-0.411384333,-0.053193258,0.071035856,0.553486017,-0.069685581,-0.566056642,-0.363484749,-2.069540303,0.45958828,0.088580056,-0.729922618,0.489465113,-0.853730628,-0.477573662,-0.322354734,-0.102340784,-0.150234457,0.001321981,0.369459253,0.556294535,-0.326644636,0.028100967,0.015215323,7.89,0
284,-0.942623063,0.657317958,1.191544384,1.326497095,0.97674498,-0.832970032,0.238932868,0.163401503,-0.584980704,-0.789639334,-0.144501037,-1.445161039,-2.115885112,-0.617131929,1.966837316,-0.203704314,1.500691702,0.586786087,0.27146639,0.115262873,0.062165439,-0.016076486,-0.236314329,-0.08280197,0.357494184,-0.110529973,0.080795718,0.113264048,1.0,0
284,-0.764965866,1.339506258,1.209389008,0.005939377,-0.33180772,-0.919242688,0.434379874,0.308839764,-0.698558284,-0.56818641,-0.397372655,0.572462624,0.96521089,0.285588431,0.713760963,0.280847042,-0.274688875,-0.41823133,0.000655599,0.062044155,-0.170506846,-0.534737578,0.043175643,0.388210347,-0.137030692,0.070417781,0.142734818,0.060537249,11.99,0
284,-1.167211884,1.263647809,-0.109848779,-0.783619311,-1.472694028,-0.212799326,1.732682501,-0.882945356,-0.331912327,-0.832908392,-0.697049652,0.780408852,1.026319901,0.049649169,-0.748250094,0.031018491,-0.124821126,-0.736029681,-0.336145556,-0.368898737,0.770748067,0.105265468,0.127679768,0.509605861,-0.401950569,0.835236317,0.286015332,0.067264395,302.1,0
284,-0.810756466,0.654499424,2.217257326,0.104341351,-0.286800771,0.11783251,0.287551851,-0.736461331,0.699092214,-0.625572559,-0.767733063,-0.42414567,-1.68329568,-0.283895916,-0.394812764,-0.235163974,-0.120244691,-0.331525944,-1.540273798,-0.455075512,0.938193556,0.57165076,-0.101609213,0.363928211,-0.170947474,-0.471523674,0.058957721,-0.079157282,30.3,0
285,-0.931805001,1.52773726,0.818889181,0.056990215,-0.319929644,-1.054736468,0.358789745,0.35407267,-0.392589551,-0.43267709,-0.311277877,0.166120344,0.321497602,-0.210513993,0.857176935,0.479781685,0.159892512,-0.133632196,-0.127680212,0.143479694,-0.249969036,-0.713790732,0.044633504,0.334422677,-0.081412793,0.078215065,0.231701027,0.090919678,8.99,0
287,1.030071604,-0.295088479,-0.109923644,0.071539651,-0.318253285,-0.912975895,0.431930061,-0.302890543,-0.044433218,-0.229745064,-0.498113967,0.318527983,0.521522276,0.316361182,1.000954514,0.401468724,-0.457092944,-0.866847931,0.405462113,0.279360756,-0.458490415,-1.726680216,0.087428919,-0.108541359,-0.023411412,0.525920564,-0.120269108,0.031205235,160.0,0
288,-0.598819546,0.073253539,-0.113786119,-2.315188965,1.644381842,4.389522162,3.174202838,-1.032389855,0.673033403,0.892547877,0.386672552,-0.9291098,-0.215278529,-1.213701623,0.832917217,0.361298551,-1.778134095,-0.320266873,-0.003901987,-0.104450452,-0.588539279,-0.4964726,-0.276571031,1.069601577,-0.629077672,0.401503224,-1.346577772,-1.228507118,380.95,0
288,1.098584489,-1.222490635,-0.319124614,-1.723384586,-0.416167765,0.6350647,-0.41785227,0.060453044,0.083645534,-0.249495435,0.213148667,1.604343482,1.626154435,-0.229101987,-0.160730081,-2.20200253,-0.095716849,1.265874713,0.570777464,-0.123442345,-0.511241837,-1.006112223,-0.22710956,-1.335092841,0.563137755,-0.605727899,0.07188118,0.029738596,156.98,0
288,1.268068763,0.28583165,-0.147276025,1.047741726,0.67211544,0.656656256,0.138314673,-0.010785448,0.158270869,-0.166168994,-1.531167329,0.871081072,1.6248513,-0.319368704,-0.157591231,-0.385908135,-0.331838627,-0.707136534,0.150423263,-0.051827753,-0.17762695,-0.189526077,-0.251549307,-1.26623557,0.90189869,-0.230844609,0.048270701,0.004763759,6.54,0
289,-1.782116492,-0.326079244,2.282092285,-0.381814268,1.06129006,2.666354871,0.311426142,0.364125231,1.08038229,0.652494125,1.218281878,0.121397526,-0.952894279,-0.90558715,0.803764247,-0.971253016,0.209509728,-1.225339357,-0.726363603,0.17908676,-0.316547016,0.480398017,0.193990708,-1.867208192,0.145657701,0.491213315,0.248133117,-0.504044675,74.47,0
290,-0.695817815,0.581772529,2.378179546,0.063395956,0.329118684,-0.449864545,1.269103905,-0.758362745,0.381712456,0.11701431,-0.611313802,-0.48248273,-0.778519616,-0.749911662,-0.170637259,-0.650813402,-0.19768757,-0.561825384,0.501290063,0.067065213,-0.327947555,-0.369682605,-0.426986977,0.420169622,0.235207358,0.194956559,-0.708471174,-0.621218517,30.5,0
290,-5.166298933,-5.449369057,2.988497619,2.65899079,1.948152125,-0.854470187,-0.326394126,-1.017364163,1.98390085,1.055234964,-0.503509369,0.234324647,0.847507646,-2.385490901,0.326192571,-0.935838209,0.191502866,-0.227426328,2.862706058,-2.538941486,-1.297220903,1.172277612,3.150413499,0.574081302,1.018394472,0.987099032,0.658283366,-1.609715664,85.0,0
290,-0.487233806,0.505825333,0.880669884,0.972986394,0.823366603,0.287737596,0.725038782,0.021040465,-0.268138121,-0.367036477,-2.166287226,-0.445540608,-0.016437804,-0.039178076,-0.090300001,-0.384981861,-0.260995545,0.243463141,1.329326775,0.220836017,-0.052209454,-0.129566883,-0.177153236,-1.00411591,0.169316755,-0.234251736,0.129243784,0.139251492,67.36,0
290,1.355157174,-1.318939841,0.166357131,-1.57482235,-1.279267343,-0.182794489,-0.985599131,-0.012854951,-1.980931633,1.558276208,0.483375579,-0.630430436,0.148935961,-0.058329452,0.07765668,0.199514941,-0.05138805,0.595857986,0.421528906,-0.138870123,-0.408999826,-1.090939083,0.026299224,-0.573380669,0.152089889,-0.453983669,0.011316502,0.023963775,101.0,0
292,-0.401848585,1.015111416,1.302009963,-0.04220803,0.055805737,-0.683092651,0.561144191,0.106407737,-0.570879921,-0.325787048,1.392098943,0.320594169,-0.509960376,-0.123386792,0.254185485,0.60484152,-0.21167486,0.425377184,0.202856562,0.098546631,-0.215929633,-0.62316848,-0.013880283,0.262949765,-0.207349206,0.056361761,0.237040908,0.087455677,4.45,0
292,1.252189247,-0.1267791,0.280285135,0.57941553,-0.374124541,-0.215216606,-0.193078227,0.011075667,0.770448146,-0.197201332,-1.577764431,-0.377882317,-0.9893818,0.052591617,0.055325179,0.118796031,-0.229318028,-0.336749759,0.572051216,-0.122254803,-0.360295914,-0.959572559,-0.023837398,-0.462200767,0.381732376,0.340517502,-0.034929231,0.007524882,23.88,0
293,1.123311065,-0.170142078,0.89877308,1.572445488,-0.727420685,0.226641226,-0.522651385,0.285406758,1.173965438,-0.194914859,-1.19210081,-0.395355037,-2.213834341,0.005351154,-0.485688847,-0.727260384,0.554140338,-0.645275882,-0.241630845,-0.334909443,-0.109955073,-0.0321972,-0.044257324,0.042350136,0.547189708,-0.250555676,0.060740833,0.017699872,5.0,0
294,-1.097476964,1.246235959,0.464854601,-0.178196025,0.24949884,-0.725057559,1.197759773,-0.358584593,-0.153111965,0.383806838,-0.822650574,-0.072847828,0.450498422,0.001620144,0.581122293,-0.01856021,-0.542761272,-0.238505687,0.195417865,0.031587173,-0.050148212,0.114627852,-0.188973747,-0.066726565,-0.160963846,0.27526307,0.117646718,0.272015238,73.0,0
294,-0.745115694,0.446439708,1.714153951,-0.146626011,-0.244287322,-0.963058465,0.566536538,-0.044997849,0.274475087,-0.686536087,-0.788683459,-0.213757344,-1.215176223,-0.056878667,-0.700208095,-0.096156943,-0.079909633,-0.625466425,-0.376119651,-0.220636156,-0.149226878,-0.440704452,0.088859666,0.708176884,-0.570540257,0.036992107,-0.041732493,0.18217805,33.33,0
297,1.168459597,0.284168629,0.427984728,1.382026597,-0.057586332,-0.15716991,0.132988717,-0.070708819,0.141838112,-0.152931766,-0.368409409,1.053716299,0.854168196,-0.130719267,-0.202282668,-0.76957256,0.207232629,-1.099432888,-0.373872716,-0.130219175,-0.091412377,0.025131562,-0.072433595,0.12177149,0.697131468,-0.315948987,0.04661016,0.017890834,6.86,0
297,1.171487938,0.111366524,0.358993728,0.210843613,-0.560816078,-1.408542432,0.35458449,-0.353311276,-0.118270105,-0.226567181,0.309148612,0.849664697,0.795538192,0.269098467,0.902375108,0.073092262,-0.193528125,-1.161157825,0.121038185,0.058719037,-0.454727402,-1.451831422,0.265728759,0.715639989,-0.033476548,0.285188411,-0.080931336,0.024925088,54.75,0
297,-1.148037547,0.36762617,2.769716764,-0.356561538,-0.268456048,0.323422698,-0.108717803,0.452755262,0.166990199,-0.752053288,1.034453127,0.563469257,-0.969780397,-0.203454489,-0.74864418,0.176891759,-0.250893329,-0.078207768,-0.665423508,-0.165653988,0.063334068,0.16820958,-0.194521212,0.228655186,0.107743953,0.22233054,-0.10915952,0.089766572,6.2,0
297,1.145613763,0.004148378,0.772421614,0.916543294,-0.568699307,-0.281603075,-0.161752496,-0.025480348,0.47930739,-0.290947239,-0.118965422,1.135893853,0.734979016,-0.329917497,-0.24592433,-0.764725068,0.427096956,-1.229509875,-0.301616208,-0.098173014,-0.046279978,0.174420155,-0.01483078,0.481152771,0.460998322,0.417277219,0.007882518,0.014893563,12.31,0
298,1.218417038,0.077792309,0.533943622,0.84384943,-0.536021561,-0.702280581,0.006655632,-0.153410746,0.421584058,-0.204985941,-0.615400833,0.62096018,0.238575293,-0.122444262,-0.240002498,-0.294719416,0.016760295,-0.746129181,0.214192945,-0.087688523,-0.224557949,-0.466722158,0.003663041,0.438025581,0.460759606,0.267055847,-0.021915861,0.014811763,13.99,0
298,1.331411728,-0.715870868,-0.005992864,-0.528407613,-0.880105464,-0.676409912,-0.461655958,-0.043281841,-0.439032422,0.589483701,-0.635633933,-1.54550629,-2.159738505,0.261961108,0.257745517,0.33509239,1.024395804,-1.84506456,0.461944146,-0.072710183,0.168776114,0.416170152,-0.131544599,0.068375393,0.633619313,-0.030737332,-0.011574789,0.000254394,36.0,0
300,0.007042537,1.239504445,0.417049708,0.530003503,0.942324174,-0.559967831,1.50298129,-0.751562588,0.012712703,1.619207849,1.237695814,0.44613082,0.156190261,-0.152586462,0.076427714,-0.57106063,-0.860983641,0.32983069,0.744637433,0.557375288,-0.046722255,0.720869895,-0.141872911,0.019747228,-0.665861186,-0.489939811,0.157919475,-0.332123189,1.91,0
302,1.073785316,-0.170037328,0.790655939,1.128604515,-0.585960036,0.070807492,-0.414937486,0.057948562,0.503324119,-0.036917094,-1.177600068,-0.026488327,0.450775651,-0.089796442,1.463998327,0.925483308,-1.017179509,0.606265451,-0.414612132,0.086693078,0.100286633,0.147604017,-0.184878263,-0.460810919,0.423908825,-0.318167878,0.046110889,0.046843274,90.0,0
302,-0.986171236,1.732933867,0.857586934,0.178949727,-0.794223168,-0.088469341,-1.266790132,-4.922223906,0.010308618,-0.003059464,0.071675698,0.947121029,0.47447536,0.362346801,0.797349837,0.238125188,0.036823135,-0.606260978,-0.418371798,-0.991289202,4.332857751,-2.331390339,0.568103029,0.638795724,0.867788272,0.181051281,0.225638419,0.179026564,9.99,0
303,1.254258121,1.218375674,-2.148614709,1.155957476,1.813892409,-0.238358021,0.623888256,-0.060265315,-0.739258246,-1.448114022,1.662480019,0.272890394,0.801457506,-3.394994073,0.633705385,1.298632469,2.194767291,1.724810227,-0.400217092,0.042415237,-0.210083198,-0.463848558,-0.370852295,-1.644707121,0.962669578,-0.200548055,0.055746241,0.07165357,2.95,0
303,1.031132022,-0.168277306,0.776978967,1.072033019,-0.337392115,0.557438102,-0.445769856,0.157226237,0.394760056,-0.101373717,-0.838176642,0.426965659,1.123314367,-0.199244404,1.639951337,0.6005135,-0.778326251,0.072350194,-0.777714121,0.099292867,0.135881387,0.318726413,-0.163652748,-0.752860349,0.374489023,-0.290798878,0.067120591,0.044920329,90.0,0
304,1.049639387,0.066437056,0.05921258,0.285469339,0.635753535,1.473073657,-0.37699315,0.579044737,-0.182239905,-0.297006898,2.247481377,1.047907512,-0.137403399,0.061752914,1.536167376,-0.481417415,0.841496878,-1.606821042,-1.332231397,-0.212006015,-0.14113681,-0.304711737,0.206104572,-1.397546966,-0.093121026,0.22711506,0.042339963,0.001972466,1.98,0
305,0.439949564,-0.949842463,-0.112591828,2.572535967,0.149828998,1.54454198,0.213718459,0.278461147,-0.374166691,0.478005585,-0.327963636,0.387190472,-0.172660758,0.092067086,-1.173094203,0.449888675,-0.58039172,0.068516466,-0.300062427,0.594318626,0.136101477,-0.275473458,-0.55479951,-1.278066624,0.554427289,0.133134818,-0.053053239,0.058083682,379.63,0
307,-2.658288445,-3.014776275,2.271635938,-1.218203746,1.546541375,-1.682063566,-1.524913271,0.088425222,-0.761265909,0.621252886,0.671972657,0.044639099,0.019231117,-0.295525279,0.135417494,-0.394039204,-0.980390215,1.979490293,-1.147409668,-0.017064877,-0.212736023,-0.587618199,0.320803671,-0.013226934,-0.23377215,0.742312503,-0.505255725,0.39405277,52.9,0
307,1.169208825,-0.032253822,1.011697001,1.353641323,-0.876061895,-0.320566874,-0.443363657,0.053143062,0.868260239,-0.154677516,-0.925866083,0.133228526,-0.560607539,-0.167477442,0.115516561,-0.070208457,-0.156935852,0.067246594,-0.228934472,-0.173525499,0.083529831,0.452189773,-0.134359353,0.407710027,0.633323987,-0.213843935,0.056280407,0.028997265,9.97,0
308,1.103870214,-0.379364955,0.699437059,0.174333313,-0.918020872,-0.41844461,-0.394105947,0.061586476,0.436487428,-0.084439474,1.110035662,0.807998816,-0.417074931,0.142484339,-0.181188757,0.352516919,-0.362178329,0.108860713,0.395958232,0.020978644,0.008219646,-0.016349949,-0.050821198,0.398893636,0.202283177,0.992403516,-0.074168939,0.006682107,60.0,0
309,1.239526145,0.602892211,-0.257987469,1.319580503,-0.050804597,-1.216527812,0.235433914,-0.192577121,0.056127318,-0.539113725,-0.11782508,-0.538678061,-0.936744767,-0.872396827,1.158781168,0.548128607,0.7231279,0.578881579,-0.574887985,-0.163519697,-0.062741556,-0.153895059,-0.108973094,0.246564817,0.661411762,-0.324202307,0.025959731,0.049253897,1.0,0
309,1.031380762,-0.089444068,0.421362451,0.620874595,0.330241872,1.351988288,-0.28790071,0.41209358,0.313047407,-0.414255784,0.440656268,1.313518637,0.767262485,-0.122085165,0.783837863,-1.587345934,1.184230788,-2.76226609,-1.338868857,-0.184405762,-0.098008329,0.077084403,0.122697564,-0.898893585,0.166942752,0.393915678,0.053320049,0.001398365,14.6,0
310,-1.236350718,-0.687029326,2.09340721,0.601217072,0.782302931,-1.167113295,-0.675395476,0.232562755,0.500531075,-0.565374195,-1.050191701,0.091748479,-0.198063134,-0.277611021,-0.04263901,0.357374924,-0.653671006,0.382050498,-0.975039278,0.129688378,0.37883212,0.841498783,0.150103308,0.391760104,-0.542331383,-0.531517113,0.186280373,0.23001196,7.8,0
310,-1.013286997,0.512380148,0.83725915,0.40846827,2.078535244,4.692661723,-0.294088412,0.898044188,0.919346555,0.321821402,-1.049923051,0.186009741,-0.421530266,-1.028746574,-1.32120126,-1.140560953,0.252886912,-0.218197255,2.058913416,0.207566369,-0.470714367,-0.879661025,-0.147591262,1.003181291,0.11807892,-0.460627055,-0.271699744,0.012446212,22.09,0
310,-0.72885714,-0.020542102,1.415026053,1.233902198,-0.240077156,0.48224046,1.315729577,-0.010902959,-0.360987151,-0.13149133,1.063574803,0.06873872,-1.63650437,0.330739968,-0.498455292,-0.937948109,0.296245912,-0.051809179,0.620119645,0.439814039,0.154089098,0.339030791,0.372441679,0.172196568,-0.23087164,-0.363259875,-0.067174447,-0.066831765,222.5,0
311,1.090348628,-0.270145648,1.235910645,0.702070766,-0.856229171,0.485168554,-0.804133733,0.359129905,0.673893646,-0.115228174,1.178923569,1.192034978,-0.102568517,-0.172839145,-0.244323224,0.069196556,-0.144427638,-0.183645837,-0.109383536,-0.119165021,-0.011401814,0.152460567,0.046069796,0.052707338,0.149042153,0.329247897,0.028873279,0.013953986,11.5,0
311,1.182238087,-0.14751846,1.248518326,0.862034219,-1.07672806,-0.299690186,-0.614840318,0.064575126,0.907341201,-0.244553773,-0.705757309,0.523097925,0.199032721,-0.437901947,0.18282428,0.155471836,-0.183113546,-0.254955281,-0.041502453,-0.091273065,-0.090194351,-0.057345525,0.030120976,0.438310381,0.259808056,0.315895535,0.017962001,0.027611165,8.58,0
312,-0.719402299,-0.12418376,1.979308881,0.50341534,-0.732324065,0.394882604,0.280295996,0.118478131,-1.445665939,0.267392186,-0.72590923,-0.114619106,0.570009354,-0.264338203,0.617933333,-2.115463181,0.488494551,1.05409097,-0.602146743,-0.058001928,-0.170479698,-0.125549956,0.203485214,0.041484447,-0.026662681,-0.232425279,0.134531297,0.133483791,140.6,0
312,0.230981062,-2.00048295,0.555154798,0.600645902,-1.551023646,0.242332933,-0.133182961,0.105984107,1.248545518,-0.701849424,-0.682574282,0.316230838,-0.644833787,-0.280816965,0.085342806,-0.316656035,0.476682548,-0.904761025,-0.043026189,0.834179228,0.079669214,-0.610378421,-0.309128502,0.167024296,-0.137728124,0.922421303,-0.113353368,0.093969327,493.44,0
312,-0.987858067,0.475771323,1.672621633,1.178044407,0.730281776,-0.403391397,0.308013825,0.254682319,-1.045605931,0.155400733,1.793724813,0.702015057,-0.319470483,0.685309695,0.877367283,-0.447055742,0.096461648,-0.395179065,0.795531561,0.392655542,-0.319191925,-1.132127554,0.233566095,0.140308782,0.072812502,-0.637664641,0.231877129,0.062719054,33.26,0
313,-0.907420424,1.103911837,1.288489227,1.243611848,-0.068031605,0.214040128,0.32400012,0.436037213,-0.437408891,0.17931799,1.122281558,0.702855841,-0.757837178,0.398639587,-0.435503484,-1.026095104,0.538793315,-0.183179502,0.949006459,0.028250807,0.02251955,0.399523454,-0.049080542,0.220258114,-0.162924387,-0.286993559,0.015071072,-0.104667534,15.08,0
313,-1.038356228,0.756121842,0.719941776,0.988401807,-0.237289725,-0.378861992,0.413667984,0.436786746,-0.448178491,-0.346581608,-0.786498013,-0.999026789,-1.968015268,1.049901672,1.489075793,-0.372646824,0.350349838,-0.035845284,0.110459559,-0.344187258,0.189549653,0.477872319,0.298491951,0.029367906,-0.30041994,-0.294100311,-0.009904639,0.038860559,68.0,0
315,-0.404141786,0.50274359,1.05714829,0.741630351,0.537623772,-0.003376522,0.458033548,0.219620663,0.171713985,-0.420935346,-1.6057955,-1.159664714,-2.445947809,0.435638161,-0.107440223,-0.598541571,0.20356658,-0.331005207,-0.022480303,-0.232749741,-0.001554577,0.049339989,-0.076364454,-0.488020813,-0.394883985,-0.415454201,0.18278577,0.169169043,11.46,0
315,-1.014692833,0.44491767,2.25900536,0.336945912,-0.492325915,-0.649977397,0.542460114,-0.201798135,0.491987439,0.013239093,-0.171666745,0.717765848,0.855574355,-0.890737503,-0.241276331,-0.435455423,-0.08367101,-0.326211529,-0.14387383,0.399388446,0.0907613,0.829357952,-0.105668559,1.005763498,-0.098694309,0.396781209,0.307894489,0.09874551,69.99,0
317,1.384146014,-0.729477254,0.56233913,-0.901506242,-0.831961312,0.299019919,-1.086900696,0.111688087,-0.391829835,0.551108893,-0.900444216,-0.67154416,0.833700896,-0.549967207,1.396856048,1.452192705,-0.038198632,-1.03104841,0.224376279,0.129870386,0.354588639,1.020045389,-0.20447445,-0.843691935,0.492947132,0.038607751,0.053717579,0.014773673,19.99,0
317,-0.37848943,0.532042624,1.498352119,-1.451159064,0.245405306,-0.648925483,0.849374844,-0.159858943,-0.194441752,-0.48410267,0.810990328,-0.157169405,-1.176986035,0.277482371,-0.15282322,0.720353629,-1.029283372,0.293594894,-0.194586732,-0.088347117,-0.036824549,-0.083854728,-0.184519247,0.032644744,-0.396424446,0.72285432,-0.165667437,-0.124330787,7.69,0
318,1.491205021,-0.246291572,-0.386057979,-0.780637851,-0.340415627,-1.110700989,-0.004047789,-0.410925507,-1.203188925,0.672477712,-0.577987712,-0.481010189,0.768684988,-0.027831659,0.396406497,0.84465716,0.19466881,-1.509075816,0.82024513,0.109400859,0.161920145,0.441320557,-0.229694573,-0.056776349,0.879712322,-0.055351508,-0.025083973,-0.002583618,10.0,0
322,1.202007182,0.108213477,0.591724235,0.566078555,-0.641573116,-0.816974062,-0.127402593,0.004375489,-0.026147821,0.142130857,1.437540384,0.414104282,-1.142816179,0.7143189,0.463185991,0.502347844,-0.523033517,0.050445838,0.102606242,-0.174502715,-0.207683231,-0.703843603,0.165350247,0.493735717,0.114822059,0.068947381,-0.041349711,0.008040785,1.79,0
322,1.187090011,0.008979796,1.094491312,1.22103424,-0.676504311,0.095472645,-0.517634029,0.078168793,0.811484381,-0.22339086,-1.106255049,0.720445311,0.875853068,-0.539473636,0.131132635,0.18728328,-0.471786352,0.006692224,-0.029266547,-0.068762131,-0.085987994,-0.002447193,-0.07604352,-0.096204326,0.506423284,-0.380323132,0.076733511,0.034889569,9.99,0
322,1.066134342,0.037698974,0.169035054,0.991432284,-0.354436924,-0.143978323,-0.293180638,0.2208999,0.450282007,-0.631072896,1.563475207,0.547983819,-1.240277545,-1.138247703,-0.594424876,-0.006018177,1.290829625,0.132375817,-0.162404697,-0.125756101,-0.087929139,-0.097529938,-0.057187899,0.138768444,0.379477582,0.412382184,0.005041421,0.032501697,29.56,0
323,-0.704133362,0.341397056,1.740026865,-1.661594963,0.872313095,-0.007310804,0.923083313,-0.575938518,0.447696788,0.264464751,0.302329167,-0.589641284,-0.979095994,-0.414870005,0.227650953,0.863538644,-1.560955111,0.570081621,0.26259684,0.018388713,-0.206984115,-0.321045184,-0.334626466,-0.813176252,-0.265089437,0.68904316,-0.904112857,-0.579831489,0.77,0
323,-0.850730609,0.695702822,2.071837569,0.928201004,-0.032107928,0.648932279,0.150909122,0.440485982,-0.564488519,0.057701571,0.976696627,-0.109204861,-0.923903849,0.458685782,1.324652235,0.004794609,-0.235066834,0.783136839,0.589647225,0.301435684,0.211627698,0.591595716,-0.21096154,-0.341889009,0.281912496,-0.067353029,0.339467271,0.13809145,52.0,0
324,-0.622317102,0.656825678,1.094224632,0.054664782,0.746404694,-0.973848245,0.38670995,-0.00987573,-0.351713523,-0.472723762,-0.660362017,-0.107074266,0.437839197,-0.483415167,0.92709775,0.517585717,-0.190001634,0.023140414,0.114294977,0.261014047,-0.259936621,-0.798558467,8.57e-05,-0.199902487,-0.062407085,0.104703244,0.230466907,0.102420981,0.89,0
325,1.409185924,-0.383685926,0.256251855,-0.703150205,-0.763573514,-0.732256561,-0.3506583,-0.285737734,-1.032102944,0.629431439,-0.668417745,0.479063948,1.890291745,-0.237055078,0.845158255,-1.100665499,-0.338681523,0.838398514,-0.585140547,-0.343626433,-0.498190423,-0.918542231,0.05554841,-0.067339277,0.208494751,0.929543066,-0.047750993,0.010905288,17.24,0
327,1.162686622,0.269139448,0.163258074,0.9430877,-0.003225383,-0.42182179,0.213395377,-0.125541511,-0.396782854,0.142439937,1.168540081,1.256287954,0.889922326,0.391563533,0.146892023,0.302236362,-0.847188564,0.34497225,0.025834206,0.002162123,0.087744826,0.236577241,-0.191414759,0.042338257,0.720314893,-0.332043296,0.009355746,0.014456699,36.71,0
328,-4.236419437,-4.459784208,1.381813308,1.117079984,6.044486324,-3.498447175,-2.740892495,0.372155022,-0.214338183,-0.242299844,-1.681844221,0.605227562,1.702995485,0.07545789,0.56515746,0.515252809,-1.184630764,0.381559087,-0.280158913,1.394093411,0.397071817,-0.432517322,0.612506739,-1.016361972,0.63037256,-0.498140915,-0.094774489,0.208038267,2.5,0
330,-0.386633363,0.953378783,1.851726441,1.623108112,-0.603151408,0.20491628,0.438894025,-0.313316649,0.359460761,0.585054531,-0.453422193,0.748281159,1.511168876,-0.925787591,0.644372174,-0.975487961,0.187552102,0.119377922,1.456398572,0.298617625,0.141431559,0.996964129,-0.205807547,0.481312106,-0.224335019,-0.105636239,-0.104202409,-0.070726229,55.76,0
330,1.20778786,-0.006914877,0.361346959,0.778856504,-0.404622169,-0.503633402,0.008942349,-0.123995911,0.478881824,-0.206166184,-0.974621343,0.382429909,0.075452758,-0.093981075,-0.18717978,-0.177473652,-0.099552563,-0.597944047,0.344821261,-0.053846434,-0.239519204,-0.560161486,-0.054801389,0.059683795,0.493781148,0.288737767,-0.027264101,0.013754297,32.38,0
331,1.2201635,0.330421329,0.518020385,0.823178968,-0.680718692,-1.391443264,0.058431285,-0.205429665,0.082093921,-0.26636034,0.312675843,0.108577575,-0.434927117,-0.142860341,1.117223599,0.349959637,0.220439327,-0.403224419,-0.394698311,-0.13617482,-0.259713108,-0.778004929,0.2026852,0.86214906,0.126258565,0.063437904,-0.025916895,0.034840344,0.89,0
332,1.084303013,0.127678126,1.389852714,2.532558713,-0.63687135,0.651109021,-0.685289011,0.356924417,-0.052520148,0.672385539,0.362543035,0.483035616,-0.480955608,-0.136629165,-0.924280323,0.938476858,-0.757827613,0.465840592,-0.427654979,-0.151189789,-0.055486885,-0.088641922,-0.012251399,-0.02649122,0.290882369,-0.039352681,0.033400294,0.022966319,11.34,0
333,-2.977213708,0.781747655,2.881723998,-1.627798168,-1.368067062,1.656876386,-1.185052951,-5.393736022,1.719406875,2.372954645,0.710988574,0.989775451,-0.108996728,-2.461600085,-2.820860867,-2.15110216,0.186714167,1.039261204,-0.477813538,-0.879343727,3.656428393,-1.92918133,0.190842644,0.533133883,0.296772876,0.890103553,-0.123225144,-0.543749903,75.0,0
333,-1.685986766,-1.509042154,1.257991649,-0.11473318,0.749404217,-0.819917361,0.119897211,0.21560844,0.015854017,-0.651373717,0.438369563,0.568764583,-0.354552987,0.082663902,-0.996939243,0.623331619,-0.897941637,0.531495193,-0.420262618,0.648198834,0.367582075,0.306897991,0.686076538,-0.004032665,-0.545436161,0.172125654,0.011341548,0.213581187,216.0,0
335,-0.779988245,1.395774614,1.78082843,-0.187324664,0.953850176,-0.511395225,1.41947975,-0.942651672,0.412282923,0.221456982,0.132405099,-0.542889222,0.811265409,-2.916125921,1.285155313,0.541424219,0.244347062,0.715874612,-0.17538523,0.650203148,-0.303942233,-0.05993889,-0.547133529,-0.216275606,0.325047812,0.290820864,-0.529625797,-0.668826755,1.03,0
335,1.295946298,1.011835459,-3.191859754,0.471478145,3.350240606,2.432783257,0.189552556,0.62173443,-0.556701825,-1.48736112,1.021675958,-0.735201052,-0.33408091,-3.206826973,1.276369486,1.370109106,2.215863058,1.798117601,-0.465228137,0.085967866,-0.263248494,-0.825371872,-0.245257609,0.674749271,1.010841191,-0.279060786,0.040542027,0.090573503,4.8,0
336,-0.895224142,0.562106129,2.817524081,-0.718733544,0.223222217,0.796156342,0.464886794,-0.002081123,0.387537064,-0.195040531,1.024957935,1.004064707,0.576224212,-0.996669481,-0.78777978,0.083398415,-0.717025889,-0.176712353,-0.438621584,0.215543351,-0.117008761,0.221249113,-0.380422054,-0.245721019,0.202957532,0.320802237,-0.174340162,-0.331953696,7.72,0
339,0.503301988,0.93006514,-0.857525172,2.042940116,-1.505946391,-1.000184562,-1.991363333,0.460576747,-1.124101167,-1.974616962,2.946062812,-2.149863054,-0.646459994,-2.238830945,0.291703947,-2.21330281,-5.400014373,-1.445388781,0.368060111,0.166740829,0.379924772,-0.062191121,-0.012186973,0.479787698,0.531946546,-0.441322929,0.460792336,0.219985375,2.0,0
339,1.20278276,-1.464842334,0.703284108,-1.46252024,-1.462982153,0.495418813,-1.368709004,0.236518932,-1.938471272,1.454746311,1.711156058,0.188523191,0.905905805,-0.309828801,0.609004727,-0.553641586,0.664514348,-0.139599151,-0.907046966,-0.170801344,0.104263701,0.575824821,-0.033503872,-0.278811121,0.145526145,-0.071895469,0.067936258,0.026131818,98.0,0
340,1.27013609,-0.608139036,0.373101019,0.2337516,-0.721246759,0.396264693,-0.841541043,0.21631992,-0.734176367,1.037110828,-0.271628357,-0.622184301,-0.96831245,0.395799865,0.621292819,-0.436055926,-0.945019335,2.606244472,-0.659702548,-0.497528216,-0.263328889,-0.43876369,-0.158517495,-0.921540809,0.448574193,-0.243216523,0.047054739,0.01908882,47.0,0
340,1.195494402,0.194929191,0.617510331,0.649717015,-0.474718197,-0.716084055,-0.027077627,-0.073384794,0.057251053,-0.10252248,0.254488017,0.427982699,-0.014536556,0.337294308,1.287486758,-0.073187023,-0.011484843,-1.067030225,-0.598449842,-0.15341684,-0.211728669,-0.590118899,0.210110524,0.388014211,0.092789049,0.104973011,-0.013644039,0.01823819,0.99,0
341,-0.268621026,-0.233373932,1.025262884,-2.129325019,1.566375217,3.863063565,-0.732264663,0.807716477,-1.230053091,0.484128784,-0.067184631,-1.267852331,0.283046899,-0.583303733,1.554469967,1.338214346,-0.246839373,-0.177681415,1.490330314,0.508200512,0.343692441,0.921647612,-0.410790558,1.052994813,0.398554913,0.070684813,-0.070436974,-0.148872772,22.0,0
341,1.021665092,0.11057523,0.449479939,1.041424036,-0.213918613,-0.230678545,0.102705847,0.038497306,-0.319166006,0.076002919,1.805147524,1.255820937,0.173115239,0.558926834,0.443839463,-0.032558611,-0.348034416,-0.377364643,-0.443546588,-0.03309198,-0.043694069,-0.234765199,0.032891088,0.198345136,0.330583923,-0.559348705,0.022827897,0.025341789,62.63,0
342,0.779819724,-0.415807939,0.088184616,1.348065537,-0.066414547,0.414044763,0.246646687,0.072639265,-0.051965139,-0.059674374,0.965016138,1.410558947,0.426220645,0.175888702,-0.807010403,-0.431788192,-0.13243846,-0.404442446,-0.01853049,0.252143261,0.049283051,-0.05919578,-0.288410801,-0.262644581,0.626104302,-0.331927839,0.003473468,0.036664193,197.63,0
343,1.004760475,0.423991945,0.579929072,2.476753568,-0.124375473,-0.363935716,0.297698306,-0.104341837,-1.23123939,0.812425561,1.494111353,1.158898825,0.885675592,0.36481075,-0.376461022,0.692184194,-0.823169344,0.033325544,-0.82172495,0.058049522,0.128929307,0.19525388,-0.119653756,0.557572858,0.516517677,-0.004221007,-0.028054501,0.025728617,75.83,0
344,-3.495983747,-4.088419872,2.024844612,-0.740362738,1.128134567,-1.231701699,-0.086553558,0.15780736,1.67762074,-1.946859901,-0.741919716,0.467513416,-0.679088049,-0.446944123,0.122393379,-1.075434877,0.221472311,-0.228436944,-0.027089934,1.633822663,0.361562298,-0.173006265,1.280445737,0.012696517,0.760878574,-0.828147329,-0.298700037,-0.06161517,456.71,0
346,1.507577981,-1.092820233,0.360102102,-1.770939923,-0.913848623,0.678723288,-1.380227523,0.147689518,-1.970260823,1.519368674,0.577750073,0.15650028,1.953660292,-0.596668879,0.336297447,0.033733617,-0.095179279,0.576655805,-0.077547433,-0.234211834,-0.047078434,0.360795664,-0.137631299,-1.122471994,0.438240733,-0.022090213,0.072569134,0.003450232,6.0,0
346,-0.928193196,0.671758012,1.924615958,0.273754663,1.041108482,0.136930115,0.361483192,0.143336968,-0.682134253,-0.650820411,-0.789520226,0.429949661,1.441283484,-0.130724906,1.209469053,0.11751407,-0.576289738,-0.331699927,-0.162684482,0.163521074,-0.115034384,-0.424493888,-0.194916247,-0.783830053,0.310156308,-0.512783097,0.084721084,0.082172614,5.0,0
346,1.077078564,0.284980217,0.007731383,1.657073001,0.052020241,0.446388674,-0.407036166,0.355703888,0.62603923,-0.929087138,1.094165108,0.579564773,-0.862188896,-2.224427562,-1.109870742,0.172381839,1.723548144,0.697990293,-0.153582743,-0.142799025,-0.174336982,-0.174160503,-0.153375332,-0.466331259,0.611000886,-0.25287057,0.090374657,0.054820384,10.99,0
347,-1.531271118,1.39962086,-0.587061395,2.175001665,-2.137636923,-0.501576168,-1.215215056,0.956861641,-1.8665612,-2.311023884,2.770100792,-2.36104985,-0.529229059,-2.003374575,0.619597258,-2.489073395,-4.887598157,-1.069636186,1.335539977,0.805861662,0.557904081,0.085267066,0.403095847,0.454437544,0.202522072,-0.313117525,0.527182018,0.202574986,204.03,0
348,-0.343986366,0.539788565,1.02466151,-0.371898823,1.037335613,1.261849196,0.473408901,0.227169255,0.248279161,-0.086236058,-0.610694672,-0.041801181,-0.574872287,-0.272977402,-0.883190116,-0.15081116,-0.574980846,0.273888176,0.918283173,0.140562045,-0.111901146,0.170231669,-0.415083387,-1.659553013,-0.054849352,0.455437844,0.201537869,-0.054235618,3.99,0
351,1.205443827,0.008466986,0.95378232,1.141093019,-0.491215003,0.297302604,-0.503912858,0.084948223,0.796497028,-0.231653214,-1.367844037,0.741580897,1.186677803,-0.609098787,0.128890508,0.2751691,-0.609740709,0.087582366,0.096348015,-0.035563255,-0.103663342,-0.046172632,-0.123765481,-0.430028603,0.55922154,-0.360379212,0.077359414,0.032499077,12.99,0
352,-0.703183201,1.210704416,0.713730882,1.146380787,0.196790068,0.468059751,0.204977374,0.627388835,-0.296261347,-0.309000902,-1.645999365,-0.351982851,-0.683077622,0.429833357,0.320010811,-0.819032099,0.536239037,-0.27700935,1.038315088,0.015528735,-0.052939376,0.044338996,-0.184853448,-0.77643909,0.021547683,-0.166426753,0.29789193,0.128380902,13.99,0
352,-1.046361915,0.720386219,1.60341259,0.608371108,0.460940565,-1.423405785,0.266078667,-0.141047827,-0.516792826,-0.201346544,0.217884092,0.256389564,0.589282921,-0.458450813,1.242185515,-0.026376495,0.356937244,-0.224528038,0.52472785,0.122034588,-0.231026859,-0.529574974,-0.106293227,0.704603774,-0.349903416,0.146040717,0.289964795,0.159571551,2.67,0
353,1.135845919,0.084163545,0.269572728,1.210034371,0.005127919,0.318050368,-0.082663816,0.191048748,0.157572985,0.062804191,0.750879871,0.743394385,-0.846860298,0.380863154,-0.694188414,-0.397984546,-0.067048971,-0.290147054,0.048852971,-0.203569594,-0.076927341,-0.063246348,-0.110678077,-0.306079052,0.65198281,-0.308066963,0.030276204,0.001830777,12.87,0
353,0.150998914,-3.002119874,0.824301406,0.231721086,-2.621415263,0.128843083,-0.755233269,0.09595558,0.638218706,0.096462297,-1.221419517,-0.993401341,-1.331911432,-0.75366868,-0.565549542,0.934498499,0.805874339,-0.950142236,0.640846634,1.180050225,0.52171897,0.320296979,-0.591253399,0.447557233,0.16408041,-0.131896902,-0.047546926,0.130266352,611.76,0
354,-1.088458254,1.197103322,1.293719051,-1.176453493,-0.859954614,-1.476075434,0.30825432,0.196454172,0.542924754,-0.032406197,-0.125285297,-0.149935133,-0.824834176,0.069129833,0.581413295,0.526806813,-0.408214725,-0.474626483,-1.017828977,0.158246774,-0.150072153,-0.252378549,0.082766314,0.929138671,-0.251993525,0.675392075,0.0935283,-0.093285839,2.31,0
354,-0.687099303,0.790436271,2.242424323,2.40646163,0.359711755,0.27941029,0.103677152,0.399071184,-1.518732762,0.601268282,1.389774451,-0.191892727,-1.2790756,0.680096416,0.689691525,0.276206191,-0.089012211,-0.065771943,0.079882172,0.056870574,-0.146194339,-0.702302599,0.088038449,0.138006041,-0.12955253,-0.141250331,-0.011385503,-0.006343763,11.38,0
354,1.135629213,-0.173985536,0.730692302,0.711558021,-0.854208641,-0.494951356,-0.296619621,0.110536086,0.49026905,-0.019984411,0.995819272,0.475833062,-1.59307518,0.378669302,-0.684435318,0.027008478,-0.081904472,-0.140171601,0.47098083,-0.166508443,-0.243930232,-0.682699775,0.096610988,0.519267437,0.20112774,0.259544104,-0.039580707,0.007195343,23.88,0
355,0.019255812,0.471698112,0.868060279,-1.239124163,0.54789788,-0.502661073,0.808516316,-0.247667131,0.130741129,-0.484993915,-0.702094465,-0.213445399,-0.048713337,-0.065306992,0.658810334,0.168525657,-0.621303531,-0.690750497,-0.697036043,-0.107129889,0.021429648,0.265056733,0.06660763,-0.381752337,-1.305170563,0.64604938,-0.013624944,-0.011984806,2.61,0
355,1.085840189,0.126685611,0.498971955,1.333699555,-0.199128816,0.032644469,-0.015573605,0.116090545,0.015999054,0.038632614,1.343920456,1.28560962,-0.249603064,0.277133182,-0.807816078,-0.584436585,0.087007323,-0.546731385,-0.15830097,-0.162853422,-0.029953279,0.087509137,-0.059209264,0.245500857,0.601876313,-0.344060845,0.034198842,0.009880143,19.64,0
356,-1.244126298,1.105870921,2.870894277,3.015097159,-0.813713656,0.992462333,-0.337465378,0.454982765,-0.205521576,1.216254946,0.571551587,0.287878546,-0.701566416,-0.558473448,-0.9620911,-0.411144663,0.368082486,0.692724641,1.316682526,0.306946912,0.149733341,0.839213313,-0.309444805,0.575610551,0.304568124,0.489685234,0.206089242,0.25486446,20.48,0
356,1.021392475,0.155450972,-0.312290951,0.961407336,0.548611312,0.12181627,0.525318015,-0.053891261,-0.686867335,0.113058508,1.158622836,1.306475335,0.910990895,0.581981858,0.186329578,0.022028915,-0.608528361,-0.502009344,0.002491838,0.114202252,-0.22476171,-0.850712083,-0.07784541,-0.679774835,0.484478365,-0.605930143,-0.005453605,0.019392433,105.87,0
356,1.586092522,-1.169090734,-1.350476708,-2.504579946,1.106389336,3.135281691,-1.351528738,0.690932116,-2.090697434,1.523080007,-0.246097975,-1.06161533,0.466127462,-0.092296784,0.684725301,-0.190604933,0.044771226,0.39335432,0.128788919,-0.20272267,-0.200366156,-0.325402427,-0.071104246,0.996898296,0.681092671,-0.100189962,0.022118296,0.009259482,15.0,0
357,-0.711928464,1.547423106,1.799759488,2.489059652,0.450496981,1.073761981,0.309374239,0.450853944,-1.560106923,1.231356129,1.738449793,0.568282855,0.247293953,0.402147249,1.077168948,-0.409582856,0.269362061,-0.561707935,0.385188707,0.356886727,-0.115133122,-0.136653169,0.052594886,-0.327937412,-0.531480208,0.005532687,0.515895642,0.250371705,0.75,0
358,1.106250813,0.398625212,0.860420675,2.388862104,-0.36584296,-0.192568394,-0.121769312,0.15087551,-0.733270908,0.860899788,0.981651769,-0.079715777,-1.418024438,0.72382105,0.049226993,1.101370208,-0.839421955,0.185977157,-0.620854915,-0.200063604,-0.253189153,-0.952835561,0.181642859,0.222462246,0.083551647,-0.342278231,-0.017021258,0.020976268,17.43,0
358,-0.424665607,0.554293424,1.374234118,-0.447451226,0.288247577,-1.082535591,0.969034687,-0.347445945,-0.109677746,-0.258586842,-0.328432759,0.315485393,0.755611995,-0.301423238,0.280566235,0.311837758,-0.813543198,-0.384037607,-0.822537835,0.24034429,-0.023295757,0.103502074,0.024513196,0.425008017,-0.227745622,0.182264367,0.076720325,-0.098667099,41.64,0
359,1.261597302,0.256345955,0.513253571,0.619053787,-0.472481832,-0.98934209,0.065431086,-0.20878137,0.035924427,-0.067307393,-0.208956269,0.401118985,0.378213343,0.226503324,1.025236262,0.301024823,-0.42812408,-0.548734615,-0.117592719,-0.09014955,-0.2573051,-0.739810347,0.135646221,0.376418405,0.220319811,0.094705872,-0.028558877,0.019022735,1.29,0
360,1.295406114,0.296881363,0.068724825,0.572690233,-0.165698375,-0.781113472,0.030953447,-0.133051028,0.165736866,-0.262785407,-0.655279963,-0.280688223,-0.31613816,-0.193371142,1.202916973,0.664982629,-0.164332588,-0.045996371,0.008734581,-0.105915257,-0.330797128,-0.980510938,0.071339621,-0.210547235,0.266630519,0.12996955,-0.02776585,0.023850549,0.89,0
362,-0.692698818,0.291548412,1.575227626,-1.219400412,-0.30225748,0.670790163,0.333059413,0.15387472,1.198541231,-1.473882056,-1.390194371,-0.021875819,-0.242528636,-0.273344546,1.328582304,-1.160033353,0.280766892,0.320173091,1.58853181,0.02336118,0.128170493,0.679178968,-0.516104883,-0.869866017,0.643627801,-0.297472032,0.063828161,0.042908436,79.0,0
363,-1.028698963,0.910514553,1.915180045,2.469383599,-0.008375082,0.597584124,0.251531229,-0.331730264,-0.095639332,1.34874967,-1.126126389,-0.056429412,1.141531554,-0.984674178,0.409775506,0.291836915,-0.648131542,0.337318999,0.242735756,-0.186372668,0.20487777,0.94867372,-0.014793656,-0.06486902,-0.882316577,0.022126366,-0.673107707,0.085784407,37.92,0
365,-0.456585659,0.541707557,1.331297243,0.559447257,0.18404479,0.612792453,0.632758584,0.152252962,-0.202196268,-0.5106985,-1.363929124,-0.431828044,-0.477288804,0.005566931,0.518554014,-0.784473071,0.425146452,-0.490890388,1.319236913,0.194231808,-0.134465006,-0.316126146,-0.072148623,-0.749724897,-0.039643644,0.472098135,0.075612235,0.099984823,74.22,0
365,-1.20943716,0.949446219,-0.429811066,-2.640093521,2.601386808,3.056965536,0.473494762,0.280729186,0.853043393,1.023892724,0.025354554,-0.386034224,-0.16159745,-0.558824188,0.714131154,0.553552719,-1.393507597,-0.123716655,-0.369462645,0.410370345,-0.214919579,-0.449815405,-0.088677129,1.030439176,-0.048967372,0.671978938,-0.612153238,-0.224000086,0.68,0
366,-1.185697846,-0.38650999,1.623072133,1.63640561,1.10250551,-0.683316717,-0.303337041,0.285652538,-0.056084605,-0.173921107,-0.989359563,-0.886212409,-2.200883523,0.512295927,0.51263431,-1.144652389,0.788359614,-0.383729571,0.800943442,0.1781412,0.068753472,-0.006951998,0.04088889,0.040937489,0.009224233,-0.201042282,0.106579894,0.140465169,9.99,0
366,1.020398964,-0.639478786,0.941567786,0.121306846,-0.996319806,0.177803376,-0.589656168,0.153583205,0.835978621,-0.347747201,0.749884442,1.587960863,0.768012271,-0.518588085,-1.056423265,0.145775491,-0.268681211,-0.117414458,0.844974615,0.176792587,-0.140624047,-0.341662693,-0.060548162,0.116672494,0.144624084,0.932850031,-0.049521828,0.018130934,97.47,0
367,1.256216551,0.255027772,0.277716369,0.706677006,-0.495830729,-1.106735496,-0.008493086,-0.124504206,0.243687321,-0.241481177,-0.303760814,-0.506626174,-1.168699448,-0.010084512,1.246871545,0.543820969,0.074469723,-0.128265451,-0.188904074,-0.171118066,-0.303926937,-0.94382962,0.14655068,0.307164398,0.1690701,0.099128845,-0.032095073,0.027743466,1.29,0
368,1.239173234,0.103367918,0.371710701,0.440033174,-0.370396356,-0.509393233,-0.129165339,0.030557658,-0.010577651,0.138778037,0.985592305,0.311878743,-0.912072067,0.655089001,0.486979422,0.650936215,-0.724128192,0.207022608,0.30195528,-0.148074154,-0.240934275,-0.790562699,0.097823326,-0.034851071,0.190346903,0.10142843,-0.041182685,0.002978894,1.98,0
368,-0.409899593,1.183087565,1.598967048,0.353088354,0.30971002,-0.312399992,0.707197413,-0.04320649,-0.892868987,-0.684800184,0.237011018,0.513399774,1.258257779,-0.521488332,1.403897714,-0.243457561,0.491733589,-0.618058044,0.293941889,0.117258109,-0.163370812,-0.396155273,-0.069497774,0.069734973,-0.298406889,0.199188201,0.099692434,0.118617202,1.98,0
369,1.240600112,0.747735016,-0.214136192,1.301475363,0.124739709,-1.172183417,0.37105861,-0.306401437,-0.246672199,-0.597783921,0.227746613,0.525386862,1.059571039,-1.269549018,0.939238882,0.45282216,0.611010722,0.332028616,-0.590463561,-0.035732221,-0.039412879,0.01069977,-0.132260724,0.306804504,0.728250757,-0.331239351,0.039023757,0.053599682,1.0,0
369,0.953918203,-0.760595478,1.091610595,0.147114857,-0.729795657,1.430147882,-1.070469565,0.727964986,1.43273387,-0.602645979,0.152245213,0.109983152,-1.936454675,-0.055090886,0.961466874,-1.394626546,1.569742928,-2.466115156,-1.203796456,-0.290093422,-0.098744241,-0.015598071,0.248460927,-0.596978808,-0.291046077,1.053935319,0.021905607,0.003336826,32.63,0
369,1.255729408,0.297650062,0.287526409,0.699902086,-0.438405256,-1.088542438,0.034421481,-0.159595857,0.14998966,-0.260027513,-0.202845457,-0.178269773,-0.54681741,-0.133805464,1.179252941,0.516409851,0.036999064,-0.202477438,-0.191225043,-0.129758981,-0.296736011,-0.894374277,0.137805513,0.318640737,0.190561733,0.097318944,-0.028174478,0.029140604,1.98,0
370,1.354445057,-0.81529671,0.836498305,-0.617140247,-1.304123735,-0.025273809,-1.147177389,0.162996088,-0.258341353,0.660341204,0.632539623,-0.056930151,-0.351267301,-0.466689479,-0.835734315,1.157376633,0.186554348,-0.57970044,1.077008602,0.040379238,0.292038166,0.94135696,-0.192850905,0.049422042,0.597416327,0.002148546,0.035181508,0.00368211,4.79,0
373,1.149246403,0.018358286,0.430439507,0.537502628,-0.430753531,-0.394698516,-0.151398394,0.135031481,-0.00495869,0.113950212,1.559069299,0.26760171,-1.601212165,0.853251517,0.653695377,0.128873171,-0.174429639,-0.343327425,-0.243970218,-0.219043558,-0.124932401,-0.449759669,0.135781046,0.185129747,0.129061898,0.177780055,-0.034564615,0.001486565,10.29,0
373,-1.254475779,0.322250156,1.784507273,-0.307396214,1.009085722,-0.998490957,0.328481711,0.131284253,-0.485255252,-1.028342663,-0.198155958,-0.360170944,-0.663443326,-0.227583564,0.871872987,0.352768204,0.114133798,-0.54310254,-1.038336495,0.032602862,-0.160980332,-0.778999073,-0.025359454,0.000828208,0.154781397,0.042033917,-0.019549678,0.081175925,1.79,0
375,-0.837689399,0.777697548,1.841251908,3.056891684,0.303627257,0.615334509,0.531503581,-0.081955234,-0.522526744,1.149724997,-0.692305561,-0.219451806,-0.064181949,-0.473905555,0.119392546,-1.014120008,0.596687496,-0.637465522,0.826731026,0.03200224,-0.070068506,0.556788018,0.217680954,0.100721259,-0.332478928,0.252525567,0.138864823,-0.085151907,29.18,0
376,1.220895767,0.116242673,0.545204566,0.838269474,-0.491895847,-0.691202118,0.037916098,-0.180524135,0.34868964,-0.218638497,-0.533170799,0.877408302,0.720656119,-0.218672389,-0.293054926,-0.317487132,-0.010831739,-0.805524142,0.211288138,-0.059028897,-0.219679457,-0.426644211,-0.001156167,0.451173462,0.477481601,0.26555702,-0.018555258,0.015656009,12.89,0
376,-0.439946497,0.994795146,1.357057613,-0.05028819,0.108030045,-0.314620766,0.500910069,0.234651397,-0.57701198,-0.370060229,1.781782,0.422373587,-0.658924731,-0.065600557,0.500144677,0.257425481,0.146188162,-0.080133161,-0.232624345,0.046849054,-0.178157618,-0.476767442,0.036739603,0.155320667,-0.311972919,0.073609006,0.254202673,0.085367476,4.45,0
376,0.894056208,-0.031001188,1.514664684,2.587276188,-0.22269261,1.987772117,-0.922106337,0.782939571,0.181509785,0.31834469,0.168810156,0.253735584,-0.832725752,-0.124440102,0.845365229,-0.703991352,0.949885719,-2.157623704,-2.514420273,-0.335482519,0.052818857,0.394703474,0.212675942,-0.654427783,-0.089633463,0.066053636,0.107787401,0.024675576,11.39,0
377,1.166918823,0.027049088,0.513875182,0.860965349,-0.519451577,-0.681147437,0.074991944,-0.18777607,0.345398695,-0.231651941,-0.532770499,0.878559115,0.725637448,-0.212346884,-0.289540089,-0.313801998,-0.010003399,-0.799799592,0.202364375,-0.002130197,-0.20274975,-0.44139061,-0.025782469,0.452607133,0.467222718,0.262577155,-0.023834435,0.020520859,40.83,0
378,-0.460445587,0.720560639,0.24783576,-0.687521024,-0.627671057,-1.12970975,0.426560471,0.055194973,-2.063462067,-0.278732165,-0.051371388,-0.375334671,1.281990091,-0.877698923,0.543343782,0.874039943,1.428132849,-0.933302845,1.239625199,0.344737648,0.329564677,0.705109685,0.037092678,0.373316311,-0.176941784,-0.156161346,0.01163128,0.116359292,85.25,0
379,-1.896099252,-1.829046182,1.181222142,3.897845796,-1.686468705,1.976370755,-0.56410723,-2.40046491,-0.979201821,-0.284723547,0.284799423,0.592318944,-0.653926139,0.510773223,-0.545063692,0.309555464,0.259246565,0.660470305,0.978842525,2.538636196,-0.936346052,-0.516625797,-0.911681722,0.025105641,0.65669918,0.200867802,-0.088993678,0.339813926,881.13,0
380,-1.29983679,0.881817464,1.452841879,-1.293698332,-0.025104981,-1.170102626,0.861610195,-0.193933516,0.592000947,0.241978858,0.144973301,-0.583891284,-1.595345315,0.032612886,0.752833857,-0.094286374,-0.163427019,-1.111176014,-1.12402459,0.06597901,-0.272562732,-0.360853038,0.223911215,0.598929622,-0.397704638,0.637140781,0.234872284,0.021378793,0.0,0
380,1.158923163,0.165064337,0.507315636,0.456052013,-0.193599919,-0.180777006,-0.070487454,0.046688089,-0.302918165,0.038972802,1.796798502,1.436893006,0.765249442,0.355946894,0.523827759,0.182450393,-0.427411971,-0.561432504,-0.193424973,-0.061765333,-0.16691468,-0.476945515,0.139459954,0.028225049,0.130464202,0.104224546,-0.014328741,0.008025591,9.99,0
382,-0.804275457,0.379523306,1.892524674,0.315885535,-0.194783001,-0.248983834,0.422565158,-0.028321131,-0.247660502,-0.488735428,0.018103943,0.745749002,0.811923577,-0.339126344,0.41271011,-1.08160261,0.806112721,-1.231163456,1.109070442,0.117260558,-0.152899712,-0.213726372,0.174705845,0.486815514,-0.365679974,0.963301373,-0.045545223,0.110528209,45.38,0
383,-0.907908975,1.622223224,0.036381362,0.526253582,0.343559945,-0.814125699,1.286352976,-0.513283985,0.65009122,2.374533401,1.276955412,-0.156640261,-1.34623857,0.085839791,0.256081499,-0.596371655,-0.624688058,0.376031456,0.584009907,0.593289305,-0.118734907,0.640328805,0.022338611,0.297445258,-0.650607852,-0.530175348,-0.042295761,-0.490801709,17.99,0
383,-0.671983368,1.286814452,1.575213799,-0.289993429,0.601959368,-0.399922809,1.466421768,-0.792099332,0.74727344,1.206007059,0.451883705,-0.300103228,0.051399671,-1.459397081,1.305764699,-0.302977194,-0.159295643,-0.753259721,-0.526130414,0.746320059,-0.535865213,-0.529530505,-0.112927889,0.014224731,-0.183674161,0.001701353,-0.065969405,-0.620859689,16.0,0
384,0.450789665,-2.168532687,-0.824039454,-0.351020593,-0.98403313,-0.079024459,0.274408704,-0.183159236,-0.949651213,0.5801427,0.070217017,0.008289176,-0.4092444,0.421210061,-0.538527664,-1.248464079,-0.195415887,1.56371475,-0.003321776,0.517926231,-0.157792202,-1.057971431,-0.55917046,-0.46940444,0.310074723,1.076462618,-0.173558408,0.065210028,510.22,0
386,1.213135839,0.462142518,0.664599346,1.301135304,-0.407415561,-0.994124679,0.180625573,-0.27903503,-0.216489299,0.016011579,0.124779978,1.049709455,1.424610253,0.034876329,0.794658354,0.039519296,-0.455406937,-0.358971564,-0.605013173,-0.065426186,0.069833701,0.318993674,-0.048025666,0.758935862,0.616220732,-0.354056706,0.032491644,0.030264168,1.0,0
386,0.071936372,-1.60199934,-0.606192805,1.59162339,-0.364290002,0.319968043,0.856675851,-0.052634165,-0.188426453,-0.132815948,0.918978035,0.769187613,-0.510227421,0.670791499,-0.315053859,-0.280722052,-0.162237709,-0.114263578,-0.254243783,0.959559376,0.364078189,-0.110441765,-0.669058115,-0.262152245,0.555655582,-0.288129534,-0.089499998,0.095583938,575.33,0
387,1.248022146,0.36782058,0.058191844,0.933295335,0.443928911,0.226403285,0.115654388,-0.059579981,-0.155527826,-0.033505897,-0.841198375,0.693274034,1.612160317,0.014892872,1.155163041,0.158075959,-0.666828626,-0.459204353,-0.407904062,-0.037650206,-0.075303063,-0.098561458,-0.137178076,-0.94090289,0.645499684,-0.334233719,0.044270938,0.015850494,10.0,0
388,-0.517234029,0.599240836,2.913950395,0.374993548,-0.453371116,-0.407892851,0.653325721,-0.337756378,0.713252074,-0.292509244,-0.431166467,0.009447995,-0.552711682,-0.843709866,-0.362611996,-0.136814384,-0.464019597,-0.146809662,-0.821349617,-0.074847619,-0.016611951,0.394598452,-0.151037153,0.896231988,-0.335150323,-0.680062118,-0.286108769,-0.298699176,12.99,0
388,0.19948941,0.705635829,1.39811485,1.21964719,0.149196139,-0.69893233,-0.551005698,-0.872024284,-0.370323732,-0.032175636,0.506833954,0.94959832,0.689685777,0.394380416,1.412828788,-0.52131921,0.241034972,-0.989513274,-0.326511552,-0.203632497,0.640890367,-0.701341255,-0.757939045,0.639510058,0.147695933,-0.544985958,0.274527786,0.28055474,9.99,0
389,-1.581926725,1.754753199,0.796003311,-0.558083886,0.302975097,-0.068701426,0.776211003,-0.057165218,1.03610372,1.9311623,1.466219837,-0.359799506,-1.519401377,-0.759087603,0.79161053,0.167180503,-0.259399468,0.053381282,-0.19661855,0.908321869,-0.511518027,-0.729446154,-0.029176613,-0.430327782,-0.012086274,0.080317898,0.54010667,0.034934173,8.93,0
389,1.228477568,-1.097947504,1.629012623,-0.005550294,-1.969868487,0.25027644,-1.381781751,0.174506572,0.64116179,0.208169663,-1.388042813,0.927180484,0.954275797,-1.436661071,-1.788215851,-2.038941531,0.723704772,0.589066737,-0.108607721,-0.412462974,-0.526063931,-0.566474926,0.045969259,0.475350104,0.164650365,1.06943713,0.027739802,0.026680276,29.95,0
391,-0.829932199,0.430250426,1.303707673,1.040559371,0.822209791,0.844830135,0.589865275,0.045790744,-0.14864457,0.310522867,0.178932311,-0.314635572,-1.510059288,0.182331208,-0.157713527,-0.783954374,0.037390761,0.242676949,1.442092948,-0.058815781,-0.075178971,0.096038166,-0.139414587,-0.859739201,0.12123541,-0.204961889,-0.292247194,-0.058995507,27.7,0
392,-2.153490865,0.104020929,1.459531502,-1.613283866,-1.071360619,0.192161,-0.332747788,0.462717462,-0.209569474,0.237995866,-1.636991145,-0.145006279,1.194627939,-1.276750664,-1.228846054,1.18370927,0.20108789,-1.323823626,0.676053147,0.227422002,-0.101936789,0.096734514,-0.490325275,-0.392662347,0.608577595,-0.33838167,-0.352131899,-0.422725982,82.29,0
393,-2.595499719,1.311591816,1.323081307,-1.127848902,0.307467369,-0.518201825,-2.098816632,-4.382468958,1.724534556,0.198679922,0.381591794,0.780889732,-0.247810882,0.0469023,2.501394702,-1.432126842,0.732979441,-0.183239271,1.075630877,-1.148674304,3.980383833,-0.835844602,-1.786328942,0.485594402,-0.53515806,-0.684143186,-0.422542032,0.047078038,64.04,0
394,1.293053468,0.457969173,-1.940450108,0.173148862,2.609569767,3.014117069,-0.269414758,0.754420441,-0.221009097,-0.62079986,0.348748433,-0.296104948,-0.118735703,-1.192582007,1.278393499,0.923267817,0.39537938,1.039037697,-0.252923896,0.025020076,-0.121125632,-0.427753296,-0.159335695,0.857134711,0.850054899,-0.311685063,0.037536213,0.05061751,1.0,0
394,-0.553092103,1.667590646,-0.047357427,0.514248893,0.589388488,-0.635410523,1.126610867,-0.311882321,0.035247126,1.704936035,1.112336066,0.616777458,0.217651195,0.093269229,0.051643168,-0.471139993,-0.700957698,0.351665713,0.709548658,0.577734173,-0.033536548,0.687658355,-0.076693086,0.014809587,-0.590713382,-0.482998413,0.137717309,-0.334914691,1.55,0
399,1.091665919,0.068682113,1.230333669,2.554473864,-0.454168675,0.915781114,-0.701016276,0.396866275,0.307570666,0.475235006,-1.410624843,-0.5085941,-0.970955818,-0.199104865,0.110452475,0.541795553,-0.274024077,-0.333302285,-0.990731674,-0.216637938,-0.098439506,-0.178428152,0.007277001,-0.504025229,0.25597448,0.0222133,0.048714448,0.027056733,15.19,0
402,-0.160626024,-0.064459272,2.531072429,-1.328267897,-0.970429962,0.1850305,-0.380184274,0.078119057,1.775956234,-1.242314803,-0.36495383,0.435456871,0.03950152,-0.760588289,1.701604126,-1.23341667,0.497776404,0.194699718,1.43068505,0.130322208,0.262123747,1.340696247,-0.253860032,0.178600525,-0.49112106,0.244971998,0.07482909,-0.069923636,0.01,0
403,1.237412804,0.51236483,0.68774556,1.693872394,-0.236322622,-0.65023174,0.118066209,-0.230545316,-0.808522532,0.511283784,-0.178158848,0.762909091,1.700923261,-0.133860624,0.402417753,0.684668257,-0.609395282,-0.704276523,-0.720725513,-0.006716199,-0.077543048,-0.178219658,0.03872219,0.47121815,0.289248688,0.87180308,-0.066883865,0.012986379,0.0,0
403,0.699598576,-2.631727446,0.661576193,-0.70725367,-2.260999627,0.360969495,-1.069656313,-0.053544101,-0.833646959,0.915354738,-1.527099037,-0.013669035,1.594933946,-1.467208744,-1.417228304,-0.877217761,0.893238358,0.035657718,0.248351812,0.54091187,0.04988157,0.068132256,-0.499373166,-0.028742689,0.460852497,-0.003403139,0.020448698,0.092993878,411.88,0
403,1.131541305,-0.174361327,0.9926215,0.600032005,-1.021934205,-0.644778975,-0.428619437,-0.032070613,0.516317803,-0.118985161,-0.366030395,0.116521248,0.051908354,0.014390841,1.424916679,0.672573973,-0.563922581,0.031697566,-0.385113764,0.006618851,0.022068346,-0.031149484,0.022845481,0.414590995,0.129934943,0.387227991,-0.016423479,0.034254727,52.4,0
403,1.08521407,-0.228463564,0.774502959,1.379281622,-0.469899988,0.765730748,-0.589283517,0.426976106,0.865987344,-0.043911176,0.285295859,0.427668007,-1.776336473,0.092020867,-1.210169033,-0.452907276,0.155038459,-0.094429241,0.168118712,-0.262478353,-0.069034668,0.049994854,-0.111814083,-0.319641705,0.57409203,-0.250481687,0.05751707,0.006986077,15.0,0
404,0.63880634,1.772451089,-1.748258,1.297699728,1.785871617,-1.05019683,1.485730045,-0.780631018,0.4169914,0.002689973,0.908875094,-0.672825142,0.372099813,-4.407431765,1.428052826,0.371421868,2.561437339,1.042814884,-0.635637626,0.589653866,-0.359613479,-0.061540475,-0.051427705,-0.764737576,-0.42418127,-0.418629119,-0.003258457,-0.541236519,0.99,0
405,-0.844953413,1.396043654,1.325803627,0.503092093,0.005609212,-0.727816054,0.692731867,0.251971712,-1.442764248,-0.447368654,-0.643129261,0.631724159,1.567940373,0.044909739,-0.50405649,1.075011647,-0.821382487,-0.58549476,-1.584579958,-0.146557732,0.096803633,0.069220604,0.025521572,0.450555651,-0.402727525,0.607588239,-0.091073522,0.080906059,27.13,0
406,-0.814053959,1.538221557,1.115689964,-0.051666805,0.092334157,-1.013397879,0.748850874,-0.124813888,-0.20740695,0.072841729,0.058284527,0.639903035,1.428942001,-0.830482497,0.782317854,0.278964106,-0.083626315,-0.333308043,-0.158428708,0.445198938,-0.311451579,-0.627543769,-0.016468582,0.363402524,-0.014631082,0.076914148,0.467478413,0.22812287,1.98,0
406,-2.312226542,1.951992011,-1.609850732,3.997905588,-0.522187865,-1.426545319,-2.537387306,1.391657248,-2.770089277,-2.772272145,3.202033207,-2.899907388,-0.595221881,-4.289253782,0.38972412,-1.14074718,-2.830055675,-0.016822468,0.416955705,0.126910559,0.517232371,-0.035049369,-0.465211076,0.320198199,0.044519167,0.177839798,0.261145003,-0.143275875,0.0,1
406,-1.645008604,-2.090799133,1.592566836,-1.38885259,1.732899192,-1.631058781,-0.922859376,0.01381445,1.760777056,-1.270164278,-1.401053239,0.35601814,0.191579696,-0.473274886,0.707895259,-0.179083043,-0.816905117,0.631246543,0.309446502,0.564245803,0.248155008,0.415496484,0.293293937,-0.463425038,-0.40517536,-0.92410328,0.00658569,0.018683011,46.68,0
407,-0.918109392,0.798542201,1.753494095,-0.576985397,-0.554779916,0.119541872,1.096152572,-0.114590681,-0.213291346,-0.742606972,-0.138749708,0.59989904,1.20891998,-0.381499679,0.716385076,0.472986514,-0.684815917,-0.649251557,-1.378950893,-0.205694727,0.050748124,0.201314131,0.023567543,0.107428413,-0.464465515,0.004938474,-0.068013275,0.093834319,146.25,0
408,-2.990791549,1.932984725,0.423524284,-2.019924557,-0.108641275,-0.29571,0.629704648,-0.044991001,2.424755794,3.334443121,1.474485814,0.121291478,-0.929145772,-0.929901229,0.449338464,0.330375655,-1.063317778,-0.356874986,-0.989797666,1.298921442,-0.57274458,-0.325197202,0.154297601,-0.3315124,0.234598737,0.760069647,0.95537669,0.536523981,7.3,0
409,-0.544922216,0.595407358,1.813260912,-1.344669741,0.016864248,-0.601397515,0.660875856,-0.058977945,0.317033236,-0.523190104,-0.386483889,-0.716843483,-1.307211536,0.018265901,0.926463709,0.282247864,-0.427226014,-0.671667526,-1.032118142,-0.016848168,-0.123047852,-0.1482281,-0.07607547,0.074036189,-0.486633189,0.724548696,0.104294235,-0.055109568,0.77,0
409,1.243757504,-0.777764483,1.016830028,-0.250545906,-1.268555166,0.137280396,-1.057919227,0.009986412,-0.460485869,0.624628451,-1.144142453,0.342357291,2.142710023,-0.695759495,1.368113906,-0.466187066,-0.809202806,1.855164966,-1.060533972,-0.222613976,-0.142454959,0.042134432,-0.125057116,-0.403784773,0.212596288,0.61915456,0.035517639,0.041399048,72.0,0
410,-0.9608187,0.071013017,2.602819337,-0.998693061,-0.383880012,-0.208286115,0.368938159,0.059513641,0.504836276,-0.67802132,1.05047512,1.31612485,0.377964606,-0.861676969,-1.755805298,0.097838076,-0.465169901,-0.224919085,-0.019706209,0.315315447,-0.136826822,-0.081333507,-0.016162267,0.605342437,-0.121759454,0.736684428,0.077108566,-0.069752043,56.09,0
410,-1.086133382,-0.704547684,2.329021447,-0.885715003,0.617676503,0.478894182,-0.267414204,0.354041934,0.55899942,-0.788077564,1.237452121,1.360272639,0.170853649,-0.697620981,-1.203923586,-0.465259959,0.055994497,-1.002349557,-0.56523185,0.188552303,0.021119016,0.213191885,0.186858112,-0.207543079,-0.701079924,0.737603266,-0.093268712,-0.085372364,39.77,0
410,-0.355220827,1.155881754,1.311865013,0.061944508,0.114206664,-0.99021983,0.728194679,-0.105630282,-0.486183264,-0.525351236,-0.105192898,0.254165456,0.739546366,-0.552004757,0.826427402,0.35204444,-0.02614055,-0.215280013,-0.094709737,0.155327646,-0.255802994,-0.639619013,-0.022675556,0.351456338,-0.139463857,0.069852311,0.249579983,0.099987894,0.89,0
411,-0.566531106,-0.057728162,-0.825120879,-1.040221909,1.059728215,3.811274316,0.066048267,1.280203594,-0.504435115,-0.67368984,-0.315523238,-0.168854562,0.228238621,0.473810192,1.478095923,0.629533153,-0.526696834,0.537550532,0.919496744,0.560386341,0.208875221,-0.046195216,0.567673025,1.039252551,-0.371477172,0.997042614,-0.19883653,-0.019047225,235.7,0
411,0.238849265,0.241701892,0.369160517,-2.124041227,-0.172507582,-0.838344862,0.183133473,-0.92144925,0.517945477,-1.215037849,1.9202565,1.44127412,-0.222390941,0.769624358,0.665069189,-0.776718204,-0.036660169,-0.352461245,0.241211829,-0.268390117,0.846543762,0.047365248,-0.162209812,0.284052803,0.773004322,-0.034858476,0.153185473,0.207923528,10.0,0
413,-1.075652175,1.101232991,0.579164114,-0.459366284,0.600010666,0.160926509,0.573487885,0.274772969,-0.581368053,0.12171064,0.189099244,0.888804485,1.489960834,0.064827651,0.078677511,0.687699053,-1.156900635,0.62039466,0.704515543,0.372269475,-0.074954396,-0.016217655,-0.267397471,-0.982177376,-0.009294411,0.266081186,0.158421273,-0.059167789,40.0,0
413,1.146593557,-0.353208346,0.834120226,0.708139103,-0.749013999,0.189675738,-0.593212496,0.126902359,1.015718108,-0.255134282,-1.519881514,0.049216573,-0.018880447,-0.402828328,0.291387222,0.424361091,-0.465593221,0.074898752,0.26190254,0.011618984,-0.12006243,-0.268421815,-0.11232006,-0.410469997,0.341273392,0.36400638,0.005174989,0.026810139,57.5,0
413,-1.581221828,0.391512135,1.916332865,-0.087840074,-0.421409692,0.270446937,-0.135965748,0.231828286,0.377200639,0.381819763,1.305813346,0.201177186,-0.761977697,-0.067130048,0.946419994,0.524254248,-0.577973505,0.41742954,-0.320499297,-0.335264169,0.142556764,0.621812469,0.213052625,0.018859122,-0.305393003,0.300156291,-0.287680625,0.185401813,30.0,0
414,-0.376162266,0.460564985,1.686272992,1.30037893,0.192392512,0.205984515,0.55436679,0.095976987,-0.210761006,0.143518094,0.969152548,-0.299821115,-2.401077746,0.480956261,-0.247237245,-1.058838372,0.470259235,9.22e-05,0.97722597,0.010520607,0.030857721,0.301531822,-0.072866985,0.178562454,-0.344147633,-0.301680946,-7.11e-05,-0.083202228,29.99,0
414,-1.043067726,1.044581762,0.292185903,-2.378535681,-0.189793273,-0.920525526,0.178721702,-0.384094634,0.237234386,-1.336919985,1.648879073,1.417350054,-0.176129796,0.924562872,0.484002834,-0.783687362,0.167370222,-0.161785186,0.447245263,-0.256528845,0.934063859,0.316389362,-0.0047093,0.268737906,-0.177186065,-0.126935638,0.290258852,0.127529957,1.0,0
415,-0.687157827,0.886271167,1.805077014,1.33774152,1.027125895,-0.517470018,1.09107076,-0.154526378,-1.510994081,0.415641812,1.111937344,0.469677319,-0.03315868,0.241555373,-1.008202986,0.913401027,-1.203573602,-0.274804001,-1.014585088,0.021980157,-0.330226302,-1.116934457,0.21204245,0.224770487,-0.648440632,-0.757446555,-0.085293741,-0.067073619,24.02,0
417,-0.473730525,0.697340217,2.279599507,1.359875086,0.34242916,1.392885633,0.289971173,0.170677021,0.578965557,-0.276892899,-1.577494635,1.009164694,1.303964102,-1.350592295,-1.415533732,-1.55708136,0.672507645,-0.993821895,1.608721032,0.330992725,-0.462424905,-0.486809845,-0.235666653,-0.726568109,0.085981329,-0.351095429,0.28906676,-0.043029565,8.61,0
417,-2.680347808,1.872051952,1.144711752,-0.693663602,0.155171669,0.601324582,0.904200896,-0.520078914,3.013065109,3.555694548,-0.900036654,-0.527338232,-0.287792125,-2.011326604,0.485905617,-0.710475503,-0.637226752,-0.433060051,-0.218876517,1.483876685,-0.459591663,0.485420984,-0.365436576,-0.744117583,0.328654644,0.457695263,0.566152475,0.16824104,29.99,0
417,-0.791993075,1.054006615,-0.110012028,-1.23418578,2.751354913,3.443063879,0.055313397,-0.105660373,-0.306074407,-0.094230469,0.053637868,-0.39176845,-0.139360354,-0.446063692,1.113755325,0.585026641,-0.514388812,0.322606913,0.339455053,0.111574714,0.425087977,-1.178828689,-0.032154269,0.92839378,-0.128565932,0.04629914,0.069744835,-0.037620839,0.89,0
421,1.166912908,-0.023366852,0.624394005,0.781790994,-0.655556509,-0.516613674,-0.158570236,0.033648116,0.287207004,-0.007955633,1.108448051,0.888833105,-0.79916611,0.268056441,-0.855117913,-0.11493611,-0.107878796,-0.205175062,0.434435323,-0.148654803,-0.172050074,-0.390215268,0.030233312,0.562816175,0.373739791,0.24042808,-0.030838517,0.004149227,10.69,0
421,-1.397775624,0.004572569,2.528964281,0.648278911,-0.196625104,0.163190056,-0.27829648,0.366045314,0.435493138,-0.308059553,-0.678178025,-0.219642485,-0.643433498,-0.383810872,0.81403799,-0.471959691,0.41992474,-0.334457894,0.524410362,0.05648148,-0.087222239,0.150044319,0.322305581,0.091753232,0.171955496,0.509403385,0.266857698,0.094295607,12.41,0
421,1.121785087,0.206367288,0.529086016,1.318228783,-0.161514781,0.024066812,-0.020503357,0.103401335,-0.023410734,0.039350897,1.391993023,1.432679109,0.02233205,0.218358253,-0.841327901,-0.600662977,0.071538587,-0.585419895,-0.154840582,-0.183744711,-0.037896931,0.121195339,-0.04662255,0.239375996,0.617559531,-0.342429486,0.03961795,0.00710722,1.0,0
422,-0.792748252,-0.554385047,1.698544392,-3.774039106,0.005128985,-0.353166296,0.362088897,0.044960964,1.96838823,-2.24579757,1.034872724,1.433987601,-0.047105117,-0.383137264,-0.047074844,-0.41072567,-0.872547678,0.520402037,-0.534329523,-0.003959381,0.325067431,1.155921061,-0.171941329,-0.268315352,0.005260925,-1.0214705,0.014805688,-0.077788979,60.92,0
423,1.174845814,-0.09710484,-0.361082798,0.914490346,0.594571029,1.106664149,-0.114835384,0.307649854,0.347845734,0.069757226,-0.609834672,-0.059615684,-1.242260198,0.432566819,-0.518048386,0.043840929,-0.537445239,0.251097124,0.570590286,-0.138106426,-0.157769451,-0.388798487,-0.303408408,-1.737287571,0.805329462,-0.221754615,0.018557919,-0.008569909,43.34,0
423,1.161123361,0.654049832,0.211965676,2.521864464,0.156581564,-0.58346052,0.442846699,-0.120914394,-0.959400586,0.715869481,-0.155990226,-0.354074282,-0.917180464,0.727635502,0.521758013,-0.021360119,-0.033509525,-0.958702429,-1.363450555,-0.258545519,0.025278231,0.046085116,-0.025789304,0.377011773,0.585969722,0.080867982,-0.028148258,0.008323383,3.75,0
425,-0.367058186,1.035851243,1.108064492,-0.065458503,0.366305902,-0.322658467,0.596340239,0.109671602,-0.318671089,-0.543920665,-0.373580024,-0.304509058,-0.200768918,-0.349963399,1.212177704,0.211685137,0.177026862,-0.42545461,-0.311541957,0.073949915,-0.262880963,-0.671306969,-0.022586639,-0.347484866,-0.197109969,0.125082546,0.258795723,0.090689242,3.59,0
426,-1.932055404,1.724617802,1.288228811,-0.396997995,-0.140202424,2.470520826,-1.865298221,-5.186854858,0.794763542,0.155379391,0.034517317,0.906737901,-0.027171776,-0.404303277,-0.473949408,0.274034093,-0.222340226,0.416883167,0.363446064,-1.108658191,5.273420048,-1.681997448,0.526024518,-1.207178674,-0.017368783,0.376704273,0.139676265,-0.164094108,16.19,0
426,-0.42412602,0.943261997,1.133353827,-0.16633779,0.387243438,-0.030381616,0.466044813,0.275040959,-0.527931832,-0.364996705,1.294315627,0.212521564,-0.633655364,-0.082418374,0.547718126,0.415066881,-0.042596778,0.102803553,-0.031698784,0.068551247,-0.211157825,-0.582126077,-0.021226912,-0.379103827,-0.241854063,0.106795711,0.25181094,0.080462097,4.95,0
427,-0.847311956,0.854261495,0.338816153,0.890136674,0.804751466,1.165501351,-0.081408011,0.879014031,-0.394737112,-0.111114117,-0.841302647,-0.240613257,-1.170181201,0.699976845,-0.242779511,-0.336723182,-0.000298333,0.583674238,1.664117175,0.081904342,-0.046690192,-0.075300882,-0.30847905,-1.733136733,0.087036234,-0.129208942,0.294333957,0.071198099,11.36,0
427,-0.856567135,0.842155882,1.716676851,-0.016177614,1.054485807,-0.440337635,1.463573681,-0.378756841,-0.72854399,0.042131551,1.471733216,-0.206399494,-1.690500706,0.476756136,-0.136423983,-0.318364953,-0.551950933,-0.188745626,-0.857467542,-0.101960461,0.049031994,0.297740764,-0.45650152,0.197724181,0.610523208,-0.420531463,-0.458258405,-0.381306159,12.98,0
427,0.173200432,-1.823346056,0.307208485,1.342690667,-1.358110718,-0.136943694,0.355662815,-0.159310859,0.854919118,-0.581898525,-0.898873063,0.847338394,0.40789131,-0.449137192,-0.873602374,-0.431307453,0.249964709,-0.582009346,0.18821947,0.986324948,0.182255069,-0.32755542,-0.536358775,0.507572679,0.33185285,0.469279934,-0.102721495,0.106900915,539.17,0
427,0.823787878,-0.90293787,0.107280278,0.384450769,-0.790004777,-0.431548625,0.114446844,-0.124467348,0.706185473,-0.384983592,-1.131253792,0.000949819,-0.488193049,-0.002213075,0.032372688,0.036773355,-0.054470416,-0.587653422,0.538507235,0.38066862,-0.203972475,-0.99555778,-0.17350876,-0.063200034,0.180528534,0.848548453,-0.115665774,0.041673607,246.96,0
427,1.031076262,-0.455232992,1.561884491,1.562478535,-0.93012702,1.407877534,-1.148563277,0.62670233,1.465479945,-0.245997989,0.096603876,1.195629699,-0.768874996,-0.72877717,-2.027927632,-0.554018199,0.283586474,-0.121894808,0.295542909,-0.211591354,-0.080414359,0.240504444,-0.087826124,-0.275648307,0.470777618,-0.244789345,0.1118754,0.019805549,10.0,0
430,-1.860257692,-0.62985892,0.966570448,0.844632076,0.759982662,-1.481172903,-0.509681452,0.540722085,-0.733623388,-0.371621504,0.859741162,0.37260884,-1.240184766,0.998391329,-0.346387125,-0.391678583,0.348289432,0.282124766,1.165893165,0.320449625,0.268027796,0.125515236,-0.225028535,0.586664443,-0.031598082,0.570168024,-0.043007486,-0.22373948,0.0,0
430,-1.647247746,1.627046142,0.828098227,-1.1927085,-1.218393734,-1.547978485,-0.063064613,0.635640649,0.564944973,0.052423213,-0.250582869,0.020229954,-0.763352979,0.314848222,0.556575,0.626996539,-0.248345466,-0.452638236,-1.053111298,0.179014465,-0.136867795,-0.28538551,0.149182494,0.924094791,-0.176509163,0.68228663,0.072508199,-0.095067418,2.31,0
430,1.331282331,-0.460775041,0.201621104,-0.582847533,-0.81535767,-0.863856547,-0.272425285,-0.228813916,-1.194788866,0.710580257,1.571596524,0.833851266,0.95213481,-0.198454513,-1.062829114,0.613136796,0.385393201,-1.362581492,1.013423236,0.157204637,0.23953179,0.71803022,-0.181652195,0.617561424,0.760130741,-0.10063481,-0.009469163,0.001406803,30.0,0
432,-2.149164312,0.12806181,-0.155948824,-0.050980292,-0.646230553,-1.027986417,0.4990623,0.769078339,-0.479644352,-0.711914588,0.570784265,0.519426682,-1.282063664,1.082844376,-1.262651528,0.346261268,-0.121678746,0.148746108,-0.253664943,-0.348887167,0.154949846,0.370654755,0.520347295,0.55570483,-0.318997226,0.274310028,0.184558859,-0.29683558,102.13,0
432,-0.751709953,1.19840953,1.287421436,-0.384763066,0.090426157,-0.406865037,0.556739504,-1.979592448,-0.517511986,-0.187272939,0.368932551,0.428892433,0.574490061,0.083043457,1.197242632,-0.860634527,0.460705715,-1.017523721,0.491529502,-0.198500355,1.534497515,-0.203298891,0.037478478,0.474355446,-0.25258157,1.090398195,-0.040971273,-0.117358974,22.03,0
433,-0.579830914,0.885570271,0.730110833,0.756646788,0.636427471,-0.455796708,0.825371405,-0.18867795,-0.873479111,0.23043449,0.987815811,0.806197026,0.571751968,0.423297097,0.122798032,-0.194667422,-0.56677727,0.475025433,0.917322067,-0.034864267,0.178555191,0.511952382,-0.129812901,0.031972454,-0.460444847,-0.435318666,-0.073063624,0.246336306,34.27,0
433,-0.599758604,1.383107191,2.381260976,2.686183467,0.317046871,0.801453202,0.591630122,0.000285357,-1.259087701,1.079903301,0.815402136,0.737496336,0.850838951,-0.390576719,-0.577268174,-0.330645231,-0.110746786,0.139604956,1.655321917,0.415558732,-0.268742788,-0.388862766,-0.273141128,0.006995314,0.144277051,0.08108178,0.041199166,-0.081264545,5.31,0
434,-0.679292516,1.120837093,1.319394198,1.249826716,1.147786232,-0.086534158,1.001435703,-0.039752022,-1.374496743,0.012874029,-1.627086266,-0.498173773,0.539217436,0.057768084,-0.153201655,0.99214329,-1.212355314,0.099774223,-1.110998395,-0.011140799,0.06752084,0.030112417,-0.296953792,-0.619849586,0.282799352,-0.059403791,0.048695127,0.109199771,25.03,0
436,-0.850529095,0.963376439,1.654452912,-0.592041267,0.534175225,-0.138949774,0.939026909,-0.096405276,-0.246999586,-0.943910193,-1.448698407,0.4421613,1.047694529,-0.529840329,-0.914963304,0.098948763,-0.605293696,-0.502668144,-0.086856634,-0.048379612,-0.210380992,-0.516509859,-0.400127241,-0.406340102,0.621243758,0.201346627,-0.135414591,0.046319666,15.8,0
438,1.491574445,-1.088277746,0.552852186,-1.289875814,-1.391175196,-0.101768023,-1.156643004,-0.023063557,-1.70601176,1.41957718,0.625897342,0.472241372,1.262939741,-0.776937607,-1.593225843,-0.735048175,0.554896098,0.20306389,0.558620125,-0.294561898,-0.224230676,0.008610801,-0.090742974,0.045120972,0.593903444,-0.100271294,0.05210308,0.00453739,2.0,0
438,1.287086796,-0.392364105,0.513359804,-1.237321915,-0.402555693,0.474908019,-0.793082017,0.146590333,1.676342149,-1.089981154,-1.053329656,0.91300034,1.741552097,-0.418637364,2.45109142,0.102132451,-0.824644922,0.58823897,0.278219131,0.015737001,0.220590211,0.90136048,-0.276483934,-1.249997022,0.646934733,-0.440129994,0.127178484,0.027224189,8.49,0
439,-0.142561597,0.995908031,1.348948763,0.651921501,0.402290102,-0.141451962,0.735365881,-0.182280962,-0.552171796,0.377373819,1.080587713,0.913908499,1.023626159,-0.042831767,0.300918249,-0.075265179,-0.794749346,0.786581132,0.660981483,0.273829853,0.259457175,1.160833337,-0.260795036,0.051829996,-0.405058237,-0.273671855,0.30434859,0.023758618,3.67,0
439,1.258777739,-0.05931276,0.314051845,-0.111066733,-0.503006121,-0.704088585,-0.156473113,-0.051543718,0.369291887,-0.210175904,-0.133846325,-0.131048188,-0.720066615,0.423255175,1.475941727,0.000962489,0.020428459,-0.848828048,-0.281283414,-0.156057415,-0.092730012,-0.249495726,0.086933661,0.12484758,0.141428628,0.992693407,-0.072255526,-0.001742516,0.77,0
441,-0.42133565,0.84537344,-0.18005264,-1.194077184,2.737800401,3.293114329,0.375298829,0.66092351,-0.31958809,-0.128709364,0.041619202,-0.436775846,-0.108979575,-0.467947208,1.084601233,0.583542647,-0.600490434,0.313820307,0.321886397,0.278626157,-0.309462385,-0.836050684,-0.053805028,0.940154624,-0.395774107,-0.006256453,0.060371028,-0.013897008,9.27,0
441,-0.565328982,-0.061420412,2.197933824,-1.958795107,-0.048529205,0.748807725,0.29658804,-0.149943151,1.209928539,-0.911107814,0.960782373,0.838668991,0.397781607,-0.641078967,1.21325376,-0.83638966,-0.286264199,0.664773412,1.820390605,0.247161662,0.104993,0.88552455,-0.548767037,-0.711467268,0.267146639,0.242159826,-0.306742171,-0.41048417,50.0,0
442,-0.627616604,0.841973755,0.840727941,-1.351059291,0.182650198,-0.484541136,0.465109911,0.181787935,-0.074016234,-0.774766938,-0.766203498,-0.093228403,-0.021442939,0.156260711,0.677262209,0.382874055,-0.470945218,-0.710725214,-0.847331912,-0.215993808,-0.022654182,-0.101469263,-0.083594161,-0.387957909,-0.298916136,0.771189614,-0.467112727,-0.27108443,2.23,0
442,-0.753360379,0.547357465,0.632549899,-1.728279505,0.937092114,-1.065110962,1.511596058,-0.279074252,-0.59172695,-1.132870047,-1.179867508,0.086923349,0.617976648,0.102907426,-0.502361524,0.794452668,-1.164664857,-0.795370991,-1.004457978,0.03288824,-0.266659525,-1.073148848,0.092292015,-0.437549393,-0.146386702,0.387433541,-0.061505403,0.110388389,77.98,0
443,-0.644711517,0.662711243,1.488930928,1.299352823,0.091519045,0.195377108,0.469805056,0.298435643,-0.419327882,0.07456165,1.085808305,0.382069663,-1.267782589,0.436118868,-0.380324824,-1.033240502,0.511542983,-0.109313136,0.93478034,0.198551247,0.054275661,0.326933084,-0.008161645,0.203423703,-0.159352493,-0.250927873,0.400739683,0.199969778,46.77,0
444,0.548588125,-1.106394323,-0.6508811,0.572799288,-0.148004058,0.055980723,0.551553049,-0.133969888,-0.204957386,-0.036852731,0.326795193,0.47019302,0.202573084,0.557297781,0.374304725,0.721662366,-1.015090089,0.630461329,0.402817417,0.742848836,0.212745142,-0.279628093,-0.568728867,-0.779206876,0.507367082,0.410568877,-0.121733927,0.056037778,399.07,0
446,-1.146102836,1.350273691,0.907209139,-0.04068157,-0.242920133,-1.099858709,0.579042123,0.045618994,0.460784208,0.470424806,-0.441126779,-1.002299372,-1.659976773,-0.291488592,1.150417251,0.418426911,0.07717557,0.031448108,-0.158770183,0.331215629,-0.396946751,-0.895759266,0.09968586,0.275642594,-0.045217211,0.095849025,0.563119358,0.307944726,17.99,0
446,1.063317136,-0.795950552,1.268758719,0.646969513,-1.420886231,0.438476165,-1.104652827,0.370816662,-0.492432437,0.848072167,1.015804719,0.331884964,-0.849556126,0.083997348,0.081860961,-1.301215728,0.009884154,1.505688522,-1.319173115,-0.520121074,-0.272118839,-0.356985567,0.093598869,0.157000597,0.082894975,-0.399380833,0.087401897,0.039421401,64.0,0
448,-0.242497088,0.89117001,1.164786546,1.025391845,0.729122671,0.663500951,0.760559816,-0.004531493,0.037370254,0.128624435,-1.567090367,-0.687600989,-0.794311644,-0.09587895,0.407225741,-0.972315192,0.205304918,-0.281837061,1.111565289,0.189784756,-0.161343131,0.047255183,-0.302695076,-0.931315322,-0.008611241,-0.187110921,0.259245653,-0.030635253,11.99,0
449,-0.856525101,0.583290076,1.389013774,-0.344699052,0.267594321,-0.951375413,0.523116935,-0.049229333,-0.076944017,-0.405757624,-0.161189306,-0.225299018,-0.912194069,0.300952261,0.654658694,0.107401491,-0.281286183,-0.889231512,-1.184941297,-0.330847383,-0.056911357,-0.309940139,0.167010356,0.359246439,-0.969651014,-0.185793258,-0.136897052,0.233671762,10.2,0
450,1.216890712,-0.735671037,0.236358303,-0.579814425,-1.178603901,-0.930514021,-0.386017988,-0.12091676,-1.081758579,0.861883865,1.226286669,0.108625445,-0.70968429,0.555629175,0.237259097,-1.142885149,-0.138678041,1.424469718,-0.56154043,-0.39237971,-0.291514097,-0.586820189,0.009280151,0.557000498,0.163172877,1.005773654,-0.087848084,0.006504099,75.65,0
452,-0.693682517,-0.166271691,2.036280787,-2.227708316,-0.186089943,0.885565597,-0.113835745,0.165882282,-0.889372321,0.278742004,0.256235485,-1.268649527,-0.846928105,-0.47154231,0.335876592,1.845123111,-0.609403705,-0.231780919,0.115881372,0.084118743,0.376480312,1.048357228,-0.544973559,-1.143769268,0.419313067,-0.08465451,-0.21291186,-0.200410345,49.98,0
453,1.072205481,-0.253477795,0.802396579,0.379596205,-0.936342944,-0.760366048,-0.214656568,-0.132001107,0.390459764,-0.228890579,-0.186383825,0.521914196,0.715925311,-0.04046025,1.325213549,0.534587008,-0.524414678,-0.227067511,-0.222792973,0.137672055,-0.036784972,-0.270993864,0.018831178,0.438929543,0.099047594,0.435283168,-0.036979316,0.038834685,92.91,0
454,-3.133891294,2.887394236,2.178689733,-1.576534657,1.434509971,-0.68731266,3.816056391,-3.416915097,5.459274358,8.82175647,1.55804896,-1.138601357,0.010142968,-4.644308205,1.584559708,-1.564508262,-2.276041307,-1.147679531,-0.46440866,3.585627796,-1.659610479,-0.498517565,-0.476667639,0.302196385,0.299992714,-0.359154857,-0.958818038,-2.735622762,9.65,0
455,1.179162173,0.2053271,0.704970594,0.697812464,-0.566141305,-0.830944299,-0.013823924,-0.093148378,0.026188575,-0.106550027,0.457637827,0.555107409,0.060747017,0.32774635,1.260356312,-0.138325278,0.057051161,-1.147650132,-0.677127622,-0.15095067,-0.196311623,-0.543614542,0.233358607,0.597346018,0.068705699,0.091725263,-0.012834438,0.020737611,1.98,0
457,-0.469790196,-0.009723488,1.759078994,-0.086506216,-0.50893966,0.757607214,0.256744326,0.208422033,0.414208248,-0.851158936,-1.041644735,0.629804463,1.024226948,-0.774699791,-0.011694153,-0.649469316,0.400604849,-0.71316489,1.084289398,0.367977336,-0.030372745,0.050121457,0.248683244,-0.373362041,-0.7257091,0.992874209,0.106657607,0.160211425,121.48,0
457,-0.942972866,1.812574711,2.112754065,2.211790554,-0.067564928,-0.614475549,0.775533394,-0.078298947,-1.276690048,0.939465827,0.083359478,0.227234266,0.785360667,-0.040083941,0.63405063,0.157938998,-0.24090146,-0.522261219,-0.329442624,0.295910351,-0.181811665,-0.44111449,0.004497504,0.881531875,-0.169524571,-0.213305191,0.313371275,0.246707317,2.72,0
458,1.217092392,-0.185347265,-0.34300089,0.087359307,1.584355828,3.849896526,-1.112153562,1.037267623,0.356591773,0.056661405,-0.222468704,0.044351756,0.19501844,0.074010527,1.587307649,1.008702851,-1.214905223,0.796282988,-0.344376814,0.024228166,0.070683009,0.083822415,-0.055255529,0.995397594,0.50206238,-0.332054748,0.065467667,0.03540578,13.0,0
459,1.294157337,1.132084249,-2.148605138,1.230031072,1.447894134,-0.767675509,0.575634926,-0.094475277,-0.454617146,-1.349215388,1.145807179,-0.796739007,-1.050166154,-3.050235203,0.58474349,1.671186056,2.032407806,2.394429078,-0.038914198,-0.046194244,-0.257463477,-0.726439533,-0.374827804,-1.358994478,0.968891686,-0.225583933,0.027084276,0.071322311,2.99,0
459,-0.528217505,0.981231846,1.652988054,-0.150715087,0.137047987,-0.203980368,0.583369654,0.16524639,-0.781696163,-0.211147388,1.824771824,1.171574362,0.607026344,0.237985709,0.306871733,0.009962341,-0.332372933,-0.458194109,-0.137627145,0.127768329,-0.123569168,-0.272730916,0.023886635,0.223935517,-0.297776979,0.068300176,0.281018331,0.11155701,6.99,0
460,-2.264656301,-0.707191615,1.080243049,-4.657545034,-0.157183324,-0.345405706,0.595041997,-0.386703989,2.211140803,0.788945963,1.596412601,0.695610086,-0.871538803,-1.010868325,0.152614496,-2.737035832,-0.355965951,0.88608637,-1.677695254,-0.164657857,-0.632026824,0.222079406,-0.18941168,-0.332602695,0.05019678,-1.168869913,-0.208793147,-0.486754121,50.78,0
460,-0.73572277,1.280291154,1.113868261,1.09077388,0.565824826,0.615339416,0.572713029,0.203275028,-0.613854115,-0.303758092,-1.151570192,0.730029658,1.556613618,-0.238002272,0.151024185,-1.01377739,0.321403185,-0.586643603,1.096323221,0.076541375,-0.043853841,0.188160609,-0.345302617,-0.708607128,0.270183143,-0.182807671,-0.26098737,-0.185368182,13.49,0
460,-2.4002607,-1.383753644,1.61015057,-2.452648773,-0.592391692,-0.041593492,-0.554246548,0.090479125,-1.85285952,1.689143393,1.006714441,-0.585982253,0.456055352,-0.726728834,0.023941397,0.067992058,-0.031857859,0.496252941,-0.80427288,-0.69353715,-0.223479925,0.484415963,0.31886613,-0.326228443,0.587977512,-0.126953962,0.123829712,0.485188936,79.0,0
460,1.314054294,0.433171282,-0.57755944,0.71588293,0.683582921,-0.194720003,0.442209993,-0.147778558,-0.495027382,0.208417814,0.333679068,0.647474311,0.356898009,0.642853586,0.040678848,0.308790814,-1.001506329,0.476711848,0.474566499,-0.088304634,-0.018595585,-0.016908607,-0.306040157,-0.810191174,0.986071782,-0.242415946,-0.011942811,-0.010326537,2.85,0
462,-1.113781289,0.117378054,2.090359902,0.473339799,0.489379331,-0.993792816,0.038140211,0.145453364,-0.851287662,-0.192764693,1.409528512,0.245435625,-0.811979434,0.628821405,0.685018177,0.087970411,-0.22293937,0.297347724,0.996707629,0.262599193,-0.075002661,-0.588687267,0.044266085,0.505592909,-0.012213639,0.200640558,-0.012297068,0.079744123,13.99,0
463,-0.386725975,0.17256499,0.732582645,-1.434662211,0.033065294,-1.043657481,0.720715055,-0.15076312,0.422941845,-1.225085106,-0.090249874,-0.09656136,-0.819230093,0.671445513,2.131868092,-1.488628528,0.658885093,-0.348634435,1.58260075,0.175250526,0.143196437,0.402445558,-0.020878812,0.121543225,-0.194311335,0.114302135,0.114047724,0.135686593,55.0,0
463,1.298897892,-1.050674022,-0.301586977,-2.69813978,-1.081624634,-0.983307404,-0.365930904,-0.099131876,0.618335314,-0.6053252,1.459085962,1.006454038,-0.967427948,0.627581673,0.558909649,-3.139268621,0.712542621,1.216327746,0.454500205,-0.551491346,-0.270855184,-0.123873743,-0.113169549,0.224145516,0.729243003,-0.658223899,0.073129623,0.006890069,37.57,0
463,-0.634596978,0.866354365,1.123836027,-0.304041138,1.173910353,0.257117549,0.754324791,0.171735204,-0.825981,-0.531057505,0.549388754,0.598608608,0.313813741,0.354547923,-0.156778172,0.328550852,-0.983932654,0.23590588,-0.630727658,-0.10523931,0.160462973,0.422873291,-0.353720811,-0.847192435,0.206896351,-0.436112266,0.110134095,0.102260716,1.0,0
464,1.157235446,0.138019292,0.384987397,1.403600429,-0.222511764,-0.197942681,0.01826416,0.029727005,0.412465804,-0.10270866,-0.673820287,0.101237715,-0.936231549,0.226935914,-0.005099422,-0.684869024,0.309748288,-0.87860907,-0.36341697,-0.234542568,-0.108899722,-0.124280543,-0.055454111,0.072990089,0.634637765,-0.310493292,0.033930603,0.014936892,11.99,0
464,-0.839472782,1.349968467,0.478163335,0.507629155,0.539551233,0.430460613,0.237863643,0.58988293,-0.89651454,-0.012142665,0.550147651,0.73439634,0.52869876,0.681578958,0.563012069,-0.082055856,-0.344145646,0.417524179,0.665014045,0.019276227,0.186384293,0.583830371,-0.137196816,-0.836186213,-0.138521526,-0.259281737,0.18176047,0.130868077,1.48,0
465,1.263769328,-0.19775484,0.326901206,0.274103867,-0.476462137,-0.117241343,-0.334771047,0.004087947,-1.414381863,0.931604672,1.387892627,0.951115872,0.721499344,0.355295337,0.25961425,-1.576724207,-0.172808125,1.172854245,-1.205054885,-0.530571337,-0.247242553,-0.177196558,-0.009728887,-0.011025971,0.491120281,-0.315903631,0.055419392,0.013076089,7.69,0
466,-1.064558612,0.432451521,0.128326561,-2.019741143,0.01443357,-0.487551863,0.293955892,0.087701988,-0.473573342,1.350466565,0.014346243,-0.920272344,-1.211439673,-0.203150972,-1.440059414,1.137245133,-0.224755046,-0.695313433,0.713190795,0.398423022,0.112732493,0.667152579,-0.092997215,-0.53305974,0.003726073,-0.271817242,0.689156177,0.480553988,20.0,0
471,1.377497103,-0.662564629,-0.13014904,-0.562680169,-0.832895167,-0.910753853,-0.327043249,-0.201708727,-0.523052865,0.606910644,-1.054682151,-1.360771315,-1.342495781,0.06881174,-0.045773648,0.70045689,0.573050558,-1.365161364,0.947649981,0.042620403,0.133023466,0.287920729,-0.224324758,0.052895872,0.775264862,-0.042444942,-0.026106799,0.003801333,48.0,0
472,-1.100919654,1.029587577,1.348333019,-1.362082352,-0.343464987,-0.671658951,0.291221713,0.379994352,0.338839349,-0.438420635,-0.511769708,-0.547060718,-1.245945912,0.263623706,0.901413492,0.382382631,-0.267487898,-0.649733763,-1.067109159,0.002147266,-0.110387981,-0.180427277,-0.007196802,0.068876702,-0.410540367,0.731643092,0.08405079,-0.057235629,0.92,0
472,1.017054969,-0.185048783,1.181666067,1.073490204,-0.550586426,0.971826768,-0.806451931,0.484792244,0.517268097,-0.060123955,1.446990443,1.19801346,-0.070890784,0.006577366,0.432215271,-0.149872874,-0.090841394,-0.195277245,-0.870040664,-0.164292863,0.239286567,0.875847991,-0.053457579,-0.269918491,0.328906924,-0.217332072,0.096207619,0.020796223,17.57,0
472,-3.043540624,-3.157307121,1.08846278,2.288643618,1.35980513,-1.064822523,0.325574266,-0.067793653,-0.270952836,-0.838586565,-0.414575448,-0.50314086,0.676501545,-1.692028933,2.000634839,0.666779696,0.599717414,1.725321007,0.28334483,2.102338793,0.661695925,0.435477209,1.375965743,-0.293803153,0.279798032,-0.145361715,-0.252773123,0.035764225,529.0,1
472,1.040781236,0.109569172,0.357987396,1.118997981,-0.105373135,-0.056836751,0.055026226,0.045164584,-0.350572631,0.151601972,1.576597765,1.181847285,0.390601798,0.476672325,0.445940825,0.039946783,-0.469181623,-0.066495516,-0.564015814,-0.020910772,0.188378055,0.487630837,-0.147081022,0.036690596,0.565456683,-0.275489187,0.023385592,0.019021416,59.88,0
476,-0.867554211,-0.418633339,2.294926687,0.219869661,-0.085820323,-0.839204426,-0.724947469,0.221811954,0.423738134,-0.431875703,-0.867638465,-0.486136976,-0.799464938,-0.169084911,0.963012476,0.013252479,0.072862162,0.287711892,0.788588033,0.226694126,0.23130635,0.547469818,-0.001608179,0.461130993,-0.504833532,1.146691714,0.061651021,0.146243502,1.0,0
477,-0.347239992,1.140217971,1.28906647,0.061069658,0.03251417,-0.960933237,0.756414763,-0.091272834,-0.43972701,-0.525814954,-0.16850987,0.064780893,0.397228285,-0.484435751,0.86395074,0.37236818,-0.009786677,-0.168769864,-0.092690891,0.144061442,-0.257643018,-0.667491773,-0.005055187,0.335569218,-0.148200806,0.071064031,0.24546032,0.099186439,9.51,0
478,-0.39436394,0.962488927,1.164111305,-0.110028409,0.221215518,-0.526324365,0.505039916,0.14774288,-0.499457133,-0.311498738,1.049040936,0.055268911,-0.754753359,-0.081797714,0.312033559,0.712748003,-0.312042726,0.56845568,0.328515114,0.091281055,-0.240068779,-0.709400244,-0.051337328,-0.07123996,-0.173978438,0.077661031,0.234552587,0.083874813,1.79,0
478,-0.597235764,0.897113635,0.765018456,-1.008934085,0.491638517,-0.059136415,0.595702146,0.110416701,-0.068274369,-0.097113648,-0.041149085,-0.21697973,-0.830567838,0.27339963,-0.236620328,1.045836537,-1.349758398,0.673211929,-0.209066947,-0.078289224,-0.039376745,-0.208064735,-0.222443365,-0.842566158,-0.003831884,0.250813667,-0.04511827,0.061892618,10.0,0
478,-0.987476764,1.118177409,0.666257804,-0.583883173,-0.649628272,0.815711083,-1.045734475,-3.792776127,0.336438173,-0.272903405,1.132298369,0.881784324,-1.267498752,0.596373236,-0.568107435,0.128521127,0.066178209,-0.522881288,-0.580882295,-1.100253117,3.614029139,-1.840569212,0.144464465,-0.025963657,0.660622607,0.432566538,0.298827223,0.189823343,79.0,0
479,-2.441347925,1.688816184,0.639921516,-0.776735225,-0.30587548,0.491953937,-1.354830269,-3.210163802,0.086985557,-0.34752777,0.85616873,0.88782456,-1.212896795,0.761376885,-0.739470202,0.112565349,0.276850842,-0.333602803,-0.359222014,-1.097258035,3.700292617,-1.575039718,0.365757928,-0.041458696,-0.26809398,0.343263149,0.453533247,0.032874089,1.0,0
480,1.039079055,1.158034045,-1.5551738,1.500270163,1.556148236,0.036028434,0.499064735,0.148227153,-0.603040247,-1.764475591,2.202819852,0.409272033,0.497219181,-3.39121307,2.052265129,-0.361773653,3.986288833,-0.811839159,-2.516962882,-0.135221946,-0.060671555,0.113741574,-0.049554735,-0.940147945,0.525324406,-0.188411062,0.116878405,0.087124516,0.75,0
480,-1.448818005,-1.27208958,0.08064699,-0.122034224,-1.711965979,0.611857677,3.310782329,-0.372438304,-0.716214439,-1.402868711,-0.206043729,0.570597431,1.196627248,-0.095869546,0.099640001,-0.622804499,0.239793002,-0.904960309,-0.038763651,1.612857064,0.456931043,0.223930819,1.501474196,0.121535754,0.37516593,1.08408313,-0.300846905,0.050742088,732.0,0
481,-2.752124108,-3.232167832,0.873035708,0.108216565,-2.451278862,0.486158951,3.152906595,-1.013086871,1.128325792,-0.939778452,-0.490740714,0.096216362,-0.043464806,-1.140294234,-0.728959791,0.199869491,-0.399117013,-0.603039424,-0.274478648,-0.102129817,-0.299790656,-0.003766676,0.545794483,0.853980677,-0.943650827,0.60782561,0.335130814,-0.561721154,1015.61,0
481,1.215468478,-0.07134207,1.048696539,0.724718913,-0.694531818,0.041879289,-0.52891945,0.019939431,0.735111719,-0.28561635,-0.9514843,1.07894989,1.672256275,-0.743838632,0.071255015,0.247985145,-0.457250972,-0.248081158,0.150889366,0.02041902,-0.107923546,-0.044996755,-0.055459005,-0.062253905,0.377129869,0.344304255,0.025717471,0.025628031,11.5,0
483,1.039673932,-0.329295605,1.073431252,1.547480277,-0.595509891,1.0909697,-0.703762628,0.511730095,1.176991531,-0.22026736,0.113149673,0.986915066,-1.375333303,-0.347843185,-2.260051576,-0.802281887,0.466460194,-0.616351615,0.591883086,-0.236055894,-0.391770227,-0.761527649,0.035646187,-0.329861818,0.399210416,-0.50425953,0.078070407,0.014682973,20.74,0
483,-0.792724453,0.946688236,2.245148851,1.167397635,-0.625404979,-0.449979152,0.157625069,0.015378797,0.26978081,-0.021303961,-0.375566786,0.478017712,0.287826285,-0.473543981,0.127463784,-0.680594038,0.223910777,0.014716509,0.365766882,0.114467314,0.223031587,0.926664762,-0.170298346,0.972432282,-0.115297629,-0.229900137,0.156609796,0.252310084,4.42,0
484,-1.123242587,-0.601732547,1.866231576,0.373544172,-0.165149346,1.602098517,-0.220908013,0.618352919,-1.172353253,0.315663742,0.318389552,0.479869057,0.78643138,-0.289769624,1.475876535,-3.205597041,1.478727916,-0.376979365,-2.028647375,0.084833025,0.090581608,0.804918433,0.432421275,-0.658488821,-0.385666382,-0.068156741,0.459110559,0.222762255,158.0,0
484,1.093370387,0.108994825,0.100226978,0.913193832,0.084985972,0.030469405,0.087876964,0.064276805,-0.256510927,0.120404217,1.225781157,0.830763645,-0.088573691,0.614135005,0.505949984,0.056695828,-0.51361883,0.016763861,-0.330150373,-0.064301125,0.112291911,0.265241774,-0.162023116,-0.294747635,0.610165217,-0.300512745,0.017063562,0.011274774,49.9,0
484,-0.928087753,0.39819407,1.74113125,0.182672744,0.966386863,-0.901003797,0.879016073,-0.156589871,-0.142117461,-0.57477527,-0.478181307,-0.426852484,-1.493425843,0.187920732,-0.282355216,-0.648149999,-0.019449062,-0.782172208,-1.194998469,-0.118283445,0.066353416,0.281377527,-0.257966139,0.385383833,0.391117133,-0.453853317,-0.104448024,-0.125765409,1.0,1
484,1.060623411,0.077500259,-0.049338106,0.546163026,0.00483098,-0.732323324,0.547011999,-0.275000086,-0.374238867,-0.176166658,0.210357696,0.977909448,1.163019415,0.304780439,0.898922363,-0.307363095,-0.032708182,-1.451617634,-0.287767944,0.127655243,-0.286497225,-0.98223856,0.080481578,0.097460479,0.217020501,0.154498542,-0.057597595,0.024726539,99.9,0
487,-0.517981178,0.723071633,1.401195581,0.772312602,0.671651331,0.847779587,0.352294216,0.224070624,-2.314242391,0.941668898,-2.194867161,-1.90623514,-0.940699258,0.306290359,0.646916346,-0.869121137,-0.422320847,1.417456475,-1.335050545,-0.517548459,-0.374926207,-0.737658506,-0.391401321,-1.42002438,0.435490847,0.192060901,0.051326607,0.052402022,7.48,0
487,1.164358681,-0.283474302,-0.247022339,0.192063835,-0.327522378,-0.82258078,0.241389406,-0.228467336,0.395382742,-0.201542012,-1.085632389,-0.309148743,-0.813103422,0.31667932,0.240161213,-0.10046524,-0.075822116,-0.474612201,0.463447879,0.045042062,-0.0771659,-0.311767525,-0.214784095,-0.041134148,0.552794764,1.114886808,-0.116519483,0.001286875,91.76,0
487,0.17485732,2.035550324,-1.866660694,1.420852692,0.829644248,-1.683504947,1.014476153,-0.303887001,0.196619884,0.129235398,2.643747277,-0.317018824,-1.015285122,-3.601835731,0.517658044,0.862952773,2.556381897,1.950360851,-0.282786918,0.508856287,-0.233183524,-0.111162849,0.093547301,0.159321442,-0.414131989,-0.443439253,0.409370788,-0.042075051,8.99,0
488,0.98616805,-0.550922523,1.140933942,0.757901246,-1.038890353,0.476782189,-0.837096215,0.43322797,0.896974542,-0.095754309,0.91986112,0.386846382,-1.608431051,0.140629064,-0.070362595,0.148191954,-0.057058615,0.014333358,-0.115601753,-0.106759546,0.003399917,-0.001183739,0.01765166,0.026666461,0.078602037,0.328055506,0.008762268,0.020131489,64.99,0
489,-0.932348621,0.789122701,0.534111141,1.140723639,-0.448967486,-0.2885264,1.072543146,0.118514794,-0.152882826,-0.033481563,-0.482042589,-0.31540602,-1.21882014,0.505762003,0.45644113,-1.041383011,0.600218147,-0.563253261,0.193949637,-0.099107931,0.09253249,0.662627196,0.31925625,0.397954953,-0.454036574,-0.338746473,0.134917436,-0.094342022,139.75,0
490,-0.215043036,0.65219023,1.107882384,1.265935183,2.3663003,4.393731587,-0.412468839,0.96064414,-0.914003137,0.745978882,-0.38845497,-0.683481233,0.174721788,-0.197216822,1.423125625,0.906269734,-1.0866268,0.90702392,0.226867374,0.266120252,0.103830156,0.304199138,-0.127454562,0.994760541,-0.501053401,0.039003168,0.024135224,-0.056240968,3.44,0
490,0.716661837,-1.097811768,0.629443205,1.939510396,-0.494739457,1.819964773,-0.624840257,0.482657355,0.783612238,0.20710545,-1.392283097,0.330364031,-0.57491995,-0.737417142,-2.643564121,0.604757884,-0.450969427,0.219756713,0.96777979,0.388817774,-0.263285966,-0.978692921,-0.359243985,-1.3320205,0.296656318,0.937425204,-0.068357016,0.032838929,254.41,0
491,-0.946412464,0.609499782,1.201709877,0.113073601,-0.210131918,-0.954008503,0.130324684,0.293270485,-0.579075668,-0.756168253,-0.627039606,0.49505732,0.646681098,0.227178565,0.319771674,-0.368820829,0.38636519,-0.537638434,1.125067906,0.144103916,-0.036420632,-0.266529055,-0.038868894,0.481942597,-0.277006005,0.949985189,-0.07961597,-0.016606233,18.45,0
491,1.196287563,0.217098787,0.402595913,0.921664107,-0.252045363,-0.392240185,-0.047177461,0.041339366,-0.069318235,0.169912751,0.947707801,0.417596457,-0.798840606,0.679509067,0.453896734,0.562061517,-0.805389903,0.367828109,0.12833377,-0.15775214,-0.205750656,-0.688869273,0.054387659,-0.056468611,0.352683602,-0.625998238,0.013680818,0.015683488,9.99,0
491,1.130024118,-0.060943604,0.662073541,1.033989573,-0.441559628,0.310186607,-0.559948263,0.349135914,0.332922119,0.220885631,0.826772769,-0.257591051,-1.961189479,0.728867458,1.004104679,0.527213535,-0.58340965,0.631456971,-0.57333443,-0.258809676,0.195852287,0.511310153,-0.10045732,-0.34429812,0.420078746,-0.213097081,0.040657646,0.010598543,10.0,0
492,-0.789890213,-1.379371021,0.171334351,-1.636755753,-2.807265554,0.726235624,2.73760243,-0.933998532,-2.413729691,0.796624966,-0.878071029,-1.045043668,1.24992902,-0.960840483,-0.507105327,-0.831644016,0.490802993,-0.077388522,0.298180159,-0.129410982,-0.256231384,0.167077258,0.540876377,0.067495892,0.479636175,-0.098230367,0.053527254,-0.40804968,632.4,0
493,1.219725093,-0.481148941,-0.324350971,-1.552562458,-0.25835656,-0.519341605,-0.035457768,-0.117824448,1.267125148,-1.068542481,-0.638446071,0.352484877,0.060428419,0.33282311,1.999235669,-0.505570625,-0.160606032,-0.332377621,0.646091265,0.035717841,-0.040427515,-0.106937606,-0.171757701,-0.721597142,0.525567582,0.084212262,-0.001620871,0.011865904,67.94,0
494,0.058500976,1.058661274,1.076857208,1.589043457,-0.400076711,-0.677460759,0.778466139,-0.303556603,-0.630844382,0.230737263,0.015912464,0.549292788,1.123662121,0.146945984,1.428014555,-0.697686072,0.108457149,-0.015594704,1.176153302,0.104400604,0.19287902,0.70219368,0.217738038,0.736016657,-1.276797901,-0.461653958,0.205261258,0.250663836,54.99,0
495,-0.239505139,-3.940240547,-0.147575852,-0.671346651,-2.239256073,0.908178115,-0.377398447,0.157942959,-1.595928461,0.987880969,1.225026487,-0.139995562,-0.453947626,-0.111466566,-0.490357816,-0.973998499,1.24848756,-0.588332232,-0.509181608,1.217690477,0.076296097,-1.132178198,-0.486819707,-0.30291094,-0.304121413,-0.469810756,-0.077517,0.151745463,834.84,0
496,-0.606284096,-0.090111801,2.012027495,0.352728129,-0.210153545,0.513718707,-0.496402335,0.379687144,-1.663989823,0.767277794,0.743763824,-0.250209455,-0.405640225,0.312432885,1.09089764,-1.509168915,-0.009482923,2.107139458,-0.172340891,-0.250195884,-0.065436017,0.148714747,-0.06019846,-0.356964714,-0.213995718,-0.143623641,0.167360122,0.122289517,29.0,0
496,-2.009892751,0.522693347,2.043509809,0.223521374,-0.597859305,0.078162869,-0.450347373,0.772470913,0.532384903,-0.408489946,-0.86206635,-0.035497857,-0.648889725,-0.191864179,0.423878262,-0.106994155,0.332678804,-0.405175749,-0.141551153,-0.150667764,-0.126642076,0.080104443,0.272597626,0.088534486,0.317081909,0.419253357,0.281493573,0.060872266,16.5,0
496,-0.65295496,0.493216287,1.246769884,-0.707569436,0.165763885,-1.146223548,0.932048672,-0.094962192,-0.861258133,-0.50354864,1.448318454,0.35271917,-0.832585628,0.721807719,-0.002442366,0.060623198,-0.270581455,-0.285535061,0.757072311,0.117608436,-0.209224016,-0.894706425,0.16707456,0.528921952,-0.419800516,0.629628048,-0.040930313,0.097624443,50.99,0
497,-0.417836252,0.981102921,1.135819759,-0.172592935,0.396674889,-0.00284158,0.519779575,0.248762703,-0.593496637,-0.382215399,1.364964745,0.429957939,-0.220196835,-0.165067375,0.50196387,0.396923213,-0.06685703,0.053123244,-0.035595728,0.098873639,-0.205579923,-0.547474244,-0.020485624,-0.36818677,-0.227052862,0.105281464,0.253800476,0.081276063,8.83,0
498,-0.753769334,1.098287093,1.835452883,0.614571394,-0.317858924,-0.101054793,0.03945419,-0.656824211,-0.048760814,-0.216190842,-0.311958542,-0.414790844,-1.023195296,0.270999445,1.248324597,-0.046737493,-0.09776312,-0.015157166,-0.965600793,-0.369512141,1.101142008,0.686058822,0.005954268,0.361744199,-0.457851855,-0.352575715,0.09460205,0.170479578,5.0,0
499,1.255439288,0.307728904,0.292700171,0.699873128,-0.428875629,-1.088456119,0.043839902,-0.167738709,0.128854075,-0.264061677,-0.174507539,-0.10353665,-0.410712665,-0.160752586,1.163807699,0.508362126,0.031182516,-0.221104856,-0.194241238,-0.121156186,-0.294795249,-0.882126483,0.136845911,0.327949457,0.19445948,0.096515599,-0.027271106,0.029491255,1.98,0
499,1.355790191,-1.122921338,1.191186519,-0.576548234,-1.708749932,0.274721304,-1.640785055,0.295838482,0.618648905,0.47594339,-1.772231504,-1.55824688,-1.276128009,-0.750821284,0.394212595,1.563192752,0.139540721,-0.36804374,0.765654082,0.020548005,0.302035473,0.920012982,-0.210219139,-0.435499298,0.450803218,0.068454323,0.062214372,0.022190577,22.83,0
499,-0.860625554,-0.109136995,2.112474001,-1.400567214,0.180269368,1.329655549,0.431000859,0.317760791,0.5937619,-0.987304417,-0.309226998,0.067845743,-0.84181499,-0.609413345,-1.189737597,0.329120749,-0.627299224,0.012316203,0.257628143,0.157200811,-0.197635169,-0.436535273,-0.194840239,-1.236873499,0.218667524,0.902383235,-0.210194686,-0.190458298,92.82,0
501,-1.377718271,1.354530457,0.543183298,-1.427170859,-0.12438937,-0.524309439,0.179123667,0.616511645,-0.151022979,-0.748487775,-0.915324611,0.040002141,0.027654577,0.428552417,0.646517837,0.442835997,-0.295907071,-0.666708574,-0.820429069,-0.180027505,0.008981955,-0.075796506,-0.057756231,-0.388366066,-0.296798316,0.774677294,-0.418796889,-0.184978168,3.0,0
502,-2.696640725,-1.371300386,2.85819382,3.421863581,1.904082607,0.683730584,-1.407505946,0.444287004,-0.309161823,1.338470345,1.282770059,0.907171494,0.192458734,-0.614332499,-0.094105525,-0.861579225,0.640078298,-0.611399017,0.901330061,-0.112607991,-0.24607459,0.098977238,-0.400856555,-0.20121693,-0.140761303,0.217806466,0.113170806,0.209086743,45.56,0
503,0.860544593,-0.747804385,-0.955150631,-1.124055538,0.186536255,-0.385942163,0.703442955,-0.282689455,0.482599987,-0.935486338,0.655059179,1.618951052,1.38109369,0.509031304,0.724308923,-0.143893963,-0.912888945,0.290345161,1.51673603,0.546757112,-0.236278898,-1.185202653,-0.329843656,-1.027355117,0.613308447,-0.979856894,-0.018398347,0.046620973,268.93,0
503,0.074737595,-3.032008853,-0.42991919,-0.442721155,-1.784710458,-0.066668291,0.098735574,-0.222524968,-0.241857519,0.158663893,-1.539291674,-0.496466541,0.066494276,-0.094248714,0.595002324,-1.032900635,-0.077287663,1.31801278,-0.390927193,0.967868661,-0.078927209,-1.247241707,-0.620401753,-0.368544849,-0.073358613,1.296834824,-0.192759681,0.121440265,712.82,0
504,-1.031079262,0.626546716,2.622436217,1.411312161,-0.296552602,1.122951676,0.286099517,0.088801503,1.103565255,0.702030395,0.76659513,0.636497098,-1.451662242,-0.959335402,-1.847115928,-1.659907826,0.807223254,-0.596915387,1.512495445,0.244650734,-0.446252786,-0.374942125,-0.075502646,0.207436777,-0.151028086,-0.471123967,-0.039908565,-0.191512529,24.9,0
508,1.335369473,0.53598191,-0.448156158,0.902997797,0.517134282,-0.694213212,0.590279128,-0.34831945,-0.344489875,0.022529666,-0.973522801,0.371749184,0.956547304,0.351881277,0.654214081,-0.010372141,-0.66407078,-0.196216681,0.05754912,-0.074524196,-0.042464736,-0.021676311,-0.25935025,-0.412243319,0.991928159,-0.247183048,-0.00384115,0.004311492,2.27,0
509,-0.28081464,0.934605078,1.261452017,1.208912298,0.540420027,0.418318167,0.703040055,0.035862271,-0.51692003,-0.330698039,-0.961569153,0.474058536,0.891206459,-0.165812985,0.138022683,-1.097429738,0.378257554,-0.606165238,0.943715533,0.103108702,0.003485525,0.282826064,-0.187527472,-0.412473064,-0.092709781,-0.220468176,0.192768068,0.146364616,22.77,0
509,-0.152397474,-0.74811446,1.659570609,-2.160601436,-1.448593822,0.558853954,-0.27435245,0.010158951,-1.964294835,1.413107795,0.792023337,-1.533674648,-1.153453822,-0.339869906,0.434199204,-0.216220454,0.259931471,0.801995614,-0.237417766,-0.321139397,0.004381555,0.474039355,-0.084318974,-0.353695124,-0.226043957,-0.143998767,-0.173635182,-0.241562954,114.0,0
509,1.166591755,0.124033374,0.38199894,1.40355582,-0.254472682,-0.209577143,-0.016416583,0.054509544,0.47564672,-0.088238501,-0.744388317,-0.118819739,-1.350503218,0.308071727,0.039626479,-0.666137669,0.333222414,-0.828916718,-0.359029045,-0.271210355,-0.116682247,-0.1554965,-0.04608533,0.061415534,0.622486699,-0.308574764,0.03217297,0.013178495,6.99,0
509,-0.404840789,1.005371767,1.372756249,0.005994279,-0.118848739,-0.788473319,0.566918134,0.114720596,-0.52198708,-0.318949025,1.501466252,0.151464413,-0.986278269,-0.024208169,0.28669712,0.566864533,-0.112456891,0.41295945,0.127054849,0.06524033,-0.207334253,-0.619986971,0.02084763,0.456775451,-0.249289192,0.044936814,0.23403615,0.088355574,8.28,0
510,-2.14951704,2.351163547,0.992990515,0.692643265,0.231641732,-0.020506517,1.086606315,-0.445825206,1.88011037,3.317525158,-0.163521122,-0.081915393,-0.33702241,-1.224884326,0.454536333,-1.654970787,0.245135609,-0.899635212,0.467840858,1.466181921,-0.469893026,0.144642963,-0.182026648,0.061734404,0.289829571,-0.267336869,0.875690582,0.121174957,1.99,0
510,1.163271093,0.141760431,0.12457892,0.958550776,-0.15955434,-0.461529317,0.090758556,-0.023257128,-0.125187457,0.195402759,0.858205409,0.302116659,-0.899842427,0.747405239,0.343658736,0.387744518,-0.746905692,0.566307007,0.040263419,-0.113971049,0.066319957,0.089321535,-0.16992053,-0.012282457,0.660755767,-0.325615697,-0.002209717,0.010419006,35.93,0
511,-0.25996089,0.998645786,1.437974634,0.038031353,0.125405256,-0.957775359,0.899757796,-0.270158696,-0.186834244,-0.291502974,-0.191254239,-0.391187004,-0.323257609,-0.554284134,0.970133367,0.319800381,-0.071469772,-0.113045968,-0.085893058,0.171634954,-0.316534843,-0.69753402,-0.035227576,0.322387428,-0.198796568,0.044629923,0.077317705,-0.125134869,8.93,0
511,-0.556245111,0.657574415,2.706193067,2.792655519,0.208495782,0.908663227,0.074210351,0.065529935,-0.757281099,0.651018105,-1.467568578,-0.654043358,0.492828167,-0.586533619,1.0122402,0.186334354,-0.324206383,0.690640645,1.102945725,0.416084527,0.105614209,0.489549453,-0.328685315,-0.42709668,0.207280245,0.413055222,-0.058339258,-0.125351773,37.96,0
512,-0.65614726,0.501881136,1.532600849,-1.319885805,-0.186189497,-0.897731047,1.191645696,-0.191943482,-0.211755983,-0.371120673,1.347577605,0.117018291,-1.1487381,0.288870591,-0.278430411,0.520704167,-0.808279961,-0.044113648,-0.347757005,0.200873584,-0.130362361,-0.374357985,0.112818599,0.526267097,-0.406442915,0.597938459,0.046437038,-0.055101234,80.0,0
513,1.295948766,0.13605381,0.383682348,-0.079325069,-0.497415703,-1.120717073,0.075887459,-0.31625731,0.039228683,-0.232533425,0.02064692,0.954735394,1.501620593,-0.04224604,0.982971497,0.190587258,-0.383501099,-0.669264401,0.060863477,0.024706123,-0.09265101,-0.185626023,0.027575921,0.496765406,0.287256764,0.955182236,-0.075089121,0.007081986,4.69,0
513,1.255258037,0.075190219,0.225733321,0.881766282,0.154508082,0.631959783,-0.385968299,0.189492814,0.447979748,0.012620576,-1.584470112,-0.532828309,-0.246747952,0.180213787,1.624271422,0.575279005,-0.804792917,0.308130543,-0.467710922,-0.148843144,0.088456833,0.321205579,-0.235167006,-1.32503342,0.643129201,-0.133690224,0.05306861,0.012483689,7.0,0
513,0.166862234,1.667709184,-2.095558662,1.835206043,0.876544698,-1.481720551,-0.323575309,-2.866381524,-0.573338456,-1.838309835,0.473700797,-0.860334859,-1.247989675,-2.921127892,1.105823277,1.0635578,3.006908567,1.67817505,-0.516481336,0.491173419,-1.383097788,0.207548689,0.550348381,-0.006634696,-0.554034464,-0.421467746,0.007827453,-0.039903618,1.0,0
513,-0.632437925,-0.363984347,2.354708784,0.301992767,-0.212087776,0.982642078,-0.371441753,0.222823592,-1.105982647,0.813368793,-0.387012785,-0.690924506,-0.583113877,-0.267240461,0.371260358,-1.19477913,-0.453557053,2.689761856,0.760637141,-0.047421326,-0.354383588,-0.531434427,-0.16589749,-0.904713904,0.159311924,-0.187616384,-0.048368597,-0.136024051,64.0,0
514,-0.878340126,0.489030609,2.91434085,0.07815375,-0.423731803,0.090021107,0.289962809,0.085451345,0.040902142,-0.271107127,1.24558275,1.164406536,0.609837813,-0.688821057,-0.704901364,0.037207637,-0.436787481,0.258412725,0.385201943,0.363764762,-0.037353217,0.236371854,-0.197062312,0.584249688,0.19046219,0.305561353,0.122975187,-0.088435189,36.61,0
514,-1.045042067,0.957420517,1.38802294,0.195389153,-0.327384625,-0.643709664,0.521262101,0.174238412,0.063057537,-0.373987704,-0.957853647,-0.049541262,-0.576466834,-0.013987189,-0.359348978,-0.359774745,0.143462772,-0.467880697,0.389909226,0.022504672,-0.182403257,-0.311953306,-0.14026762,0.400592003,-0.050206934,0.201239891,-0.092265455,-0.134806458,30.49,0
517,1.314712669,-0.328688367,0.002644953,-0.805043825,-0.467259872,-0.522746841,-0.180850453,-0.093471703,1.795353073,-1.10356246,-1.438093549,0.381108853,-0.44633713,-0.04840541,0.368542509,-0.857831663,-0.023201331,0.073228563,1.236033195,-0.131995561,-0.122540106,-0.029520509,-0.250848307,-0.427629415,0.917789852,-0.534370028,0.062354721,0.012093258,10.0,0
517,-0.639473906,-0.048354975,2.452755224,0.310804364,-0.430963164,-0.290032311,0.166889072,0.006195711,0.651674505,-0.466609049,-1.048270751,-0.628606287,-1.283471335,-0.433538272,0.134556611,0.01136742,-0.18928884,0.107167926,0.14740968,0.14420603,0.004189453,0.110846635,0.057007788,0.389170966,-0.449642352,0.218185573,-0.067663786,-0.073760456,59.9,0
518,-0.743470571,0.943604281,1.486463579,-0.179574516,-0.190966051,-0.29555862,0.35243803,0.354957946,-0.110108413,0.192907493,1.307387559,-0.504472042,-2.563325991,0.797243884,0.669556102,0.137928677,-0.160212771,-0.088096919,-0.145002414,0.03510964,-0.19523868,-0.55350292,0.055945704,0.134418523,-0.356894601,0.083846355,0.372062065,0.162030629,4.45,0
518,-0.641320431,0.738097929,1.916436411,-0.162040294,0.371740227,-0.203710534,0.734552138,-0.106378122,-0.650379867,-0.091715082,1.797402073,0.76249587,0.028761755,0.158764838,0.395829884,-0.076070336,-0.401123363,-0.401499944,-0.055384,0.026321929,-0.098913037,-0.232043104,-0.011842181,0.214894182,-0.486273127,0.004231902,-0.22693311,-0.092455535,9.99,0
519,0.764614145,1.706190684,-1.755823269,1.557386059,1.101082822,-1.529455089,0.917701838,-0.190132334,-0.748935405,-1.047992948,2.575979621,0.538995398,0.662425315,-3.515622577,0.280192352,0.990653718,2.520317494,1.89491921,-0.128379516,0.165909181,-0.085309806,0.022452376,0.05601196,0.008466426,-0.459203727,-0.421570495,0.260012321,0.006571196,0.89,0
521,1.132711698,-0.931559147,0.913449576,-0.80435176,-1.066477887,0.577368965,-1.153211246,0.300888001,-0.793747379,0.637745257,1.969449334,0.656655768,0.999462168,-0.341088471,0.839802451,1.054626414,0.324138305,-1.350830385,-0.235573887,0.207244054,0.533603053,1.436067297,-0.114942763,-0.206096118,0.255424969,-0.016737161,0.061154341,0.020806686,69.99,0
522,-0.608941396,0.961271047,0.978329579,-0.375419712,0.955269567,-0.111386331,1.145462274,-0.070022903,-0.523789728,-0.775378534,-1.907529602,-0.605586853,0.06594749,0.167036522,0.321341488,0.665199045,-1.222324026,0.403861746,-0.503846096,-0.045864514,0.034309208,-0.010382701,-0.425614739,-1.022447628,0.613097884,-0.401181102,0.051355933,0.083632493,39.05,0
523,1.119588866,1.131586073,-1.533010678,1.545223403,0.929387735,-1.1583496,0.589693926,-0.093411763,-0.660778193,-1.419811568,2.85051333,0.132304786,-0.705828908,-3.052521751,0.656470678,0.902177741,2.834194831,1.368745647,-0.985134758,-0.062494978,-0.114062903,-0.283534484,-0.173512936,-0.111815909,0.707683834,-0.294680861,0.047405608,0.086988776,15.19,0
523,-0.421664541,0.348353106,1.750222901,0.546511902,0.461304498,1.439792772,0.452613433,0.319215713,-0.046137333,-0.376572861,0.486982937,0.161995081,-0.794322269,-0.037659123,1.264895566,-2.176004447,1.664388019,-2.423962532,-0.298391124,0.038117433,-0.015405696,0.3783052,0.138206347,-0.598533574,-0.776517367,0.526561881,0.007711491,-0.094512787,42.64,0
524,-0.795322273,0.081237625,2.210568147,0.268145341,-0.506874513,-0.303839691,-0.180828982,0.085539728,0.248345985,-0.470247986,0.016653512,0.540836448,0.373179221,-0.446604527,0.692985075,-0.97132038,0.801677485,-0.714838585,0.799956227,0.054227461,0.210198413,0.869921677,-0.118655867,0.744593667,-0.504293887,1.259840933,0.014692182,0.128346047,37.89,0
524,-0.292211392,0.83860468,1.360846901,-0.001345832,0.350835554,-0.894645099,1.382872021,-0.431655425,-0.40071863,-0.478108306,-0.455724229,0.167056029,0.459970254,-0.105811669,0.130068335,0.191250331,-0.89704428,-0.175738776,-1.133706644,-0.00032476,0.095844319,0.368186157,-0.150624074,0.391048376,0.186411167,-0.571951915,-0.13575482,-0.17619992,52.05,0
525,1.089846258,-0.602779584,0.924389347,-0.0770385,-1.275907271,-0.420567142,-0.634844057,0.118674459,0.838481454,-0.230708526,1.120999843,0.824766092,-0.703517201,-0.039087335,-0.446295786,0.174678978,-0.118278753,0.121266968,0.495021596,0.012891371,0.112487796,0.364386099,-0.087886252,0.644572121,0.192433295,1.421351596,-0.084481019,0.003383413,59.9,0
525,-0.755011344,-0.517761009,1.760091301,-0.65420591,-0.039142998,-0.492846593,-0.047344674,0.118935991,0.734444258,-1.053517176,-1.229568532,0.736010638,0.860724522,-0.879886872,-1.067432119,0.141057448,-0.332026321,-0.509743395,-0.067227131,0.239908157,-0.04960775,-0.20090406,0.268931258,0.108086908,-0.468659525,0.729549275,-0.017461817,0.077163317,79.54,0
528,1.358535449,-0.443056972,0.700476395,-0.734665606,-1.138175564,-0.830189244,-0.637161664,-0.074408255,-1.078980639,0.768789212,1.74007042,0.374510377,0.342880142,-0.013338045,0.035602402,1.346001758,0.035717732,-1.194070977,0.829605254,0.0795933,-0.031771161,-0.219788539,0.147940648,0.517099383,0.186109968,-0.510075455,0.009996539,0.014217695,3.71,0
528,-0.378416765,0.7515151,1.772256448,0.311020274,-0.329129979,-0.746205974,0.719033994,-0.081804856,-0.152417334,-0.66117674,-0.543594594,0.225280037,-0.227830181,-0.139890812,-0.442547868,-0.477507946,0.173167425,-0.632877743,0.255509464,-0.034612255,-0.120891498,-0.240393524,-0.057802858,0.733812447,-0.049448193,0.207356835,0.023386412,0.057469371,25.41,0
529,-2.000567426,-2.495484241,2.467148881,1.140053216,2.462010105,0.594262064,-2.110182528,0.788346962,0.958809396,-0.32863097,-0.056994454,0.905932213,0.307605733,-0.845538686,0.690323418,-1.991027171,1.502897751,-1.914465692,-0.62429935,0.620898591,0.422452034,1.195393798,0.297836465,-0.857104696,-0.219321926,0.861018814,-0.12462201,-0.17106019,1.5,1
530,1.255931495,0.317615094,0.293256411,0.697224133,-0.413810489,-1.081985686,0.053118707,-0.17525237,0.108261669,-0.268121739,-0.155847861,-0.031702099,-0.271230586,-0.18865066,1.149016342,0.503482633,0.021250823,-0.23628863,-0.193085692,-0.112101991,-0.293567431,-0.871804345,0.134497658,0.326186065,0.199886363,0.096395433,-0.026372899,0.029732476,1.98,0
530,-0.690417296,1.322680709,0.910911327,0.112848556,-0.356280602,-1.044901799,0.330443673,0.387623396,-0.471598548,-0.721575336,-0.46403109,-0.2485442,-0.437749228,0.010259607,0.922864852,0.534371509,0.212070548,-0.022622585,-0.093322999,-0.0221509,-0.224965163,-0.751207404,0.06196227,0.315721203,-0.15494422,0.076185287,0.114244873,0.034450833,9.72,0
530,1.217261105,-0.080646333,-0.059293199,-0.868862331,-0.236627993,-0.700158534,0.143747178,-0.111374358,0.790808661,-0.895455671,1.837533752,1.977772847,0.455351228,0.400479,0.13555692,-1.313351342,0.207926999,-0.409951002,0.676098078,-0.12624286,0.081581788,0.534693286,-0.159644364,0.296811562,0.855792891,-0.553063184,0.054273983,0.001410492,1.0,0
530,1.445728887,-0.992652913,0.702959271,-1.311315388,-1.613625346,-0.726591021,-1.045431131,-0.07922389,-1.812437622,1.381392542,0.057466097,-0.790523465,0.120874466,-0.202414647,0.920806193,-0.643295278,0.887211039,-0.758273687,-0.633455105,-0.392319792,-0.409740163,-0.819421972,0.287769846,0.322667998,-0.007634935,-0.469268585,0.050762554,0.027197663,12.0,0
532,-0.681072116,0.926830782,1.871161421,0.923396724,-0.438214643,0.110162582,0.918258554,-0.222899403,-0.040360102,0.239503151,1.039842233,0.386524122,-0.983549025,-0.061619869,-0.602061727,-0.580104457,-0.077507839,0.190753126,1.10921626,-0.087599047,-0.119717943,-0.13106501,-0.112667362,0.518058971,-0.330416688,-0.581855285,-0.36370708,-0.111442271,75.17,0
532,-2.081263855,1.682558329,0.6512638,-0.533548658,0.440529215,-0.11373236,0.875113877,-0.149852238,1.077603074,2.230301222,1.7244687,0.311639406,-0.252562578,-1.101902552,0.706008442,0.121038721,-0.356188625,-0.125557801,-0.203581005,0.937684099,-0.598398393,-0.625481591,0.100454588,-0.389908592,0.133481255,0.090584715,0.6572357,0.231941417,17.99,0
533,-1.233534503,0.145320255,-0.0672273,-1.750577238,-0.801068748,-0.381652222,1.561095202,0.320172435,0.231378946,-1.751103813,1.386493232,1.813678651,0.410059645,0.59293554,-0.659026858,-0.968179075,0.037303887,-0.163562329,-0.075087302,0.460897165,0.395250314,0.868590414,0.554971899,0.243594286,-0.034702366,-0.829909171,0.234284579,0.190521392,291.36,0
534,-1.393265185,-1.095569333,2.607794517,-2.529060489,-0.135265292,-0.373238564,0.221445716,-0.962847269,-1.304498303,2.139301136,0.038334193,-1.156315976,1.018668346,-1.796962442,0.67378743,-0.65484397,-0.074847475,-0.288132098,-1.233370066,-0.229819995,-0.281365328,0.563218498,-0.129765151,0.089264426,0.31755105,-0.288551447,-0.863521425,-0.519167901,25.0,0
535,-0.866655167,1.029620577,-0.410809874,0.15994608,2.372235649,3.801112948,-0.088800586,1.103078666,-0.293703189,0.217734377,-0.663311004,-0.050513936,-0.176346212,0.172332102,0.17087433,-0.581112389,-0.095795706,0.212158247,1.464526908,0.199626128,-0.098254648,-0.140316051,-0.181175869,1.014273412,0.119951993,-0.288596594,-0.144101989,-0.07716363,8.5,0
535,1.089912952,-0.221547384,0.99424031,0.956010638,-0.812287225,-0.038784517,-0.373130003,0.075189271,0.853073567,-0.396362014,-0.352215456,1.146214927,0.477023664,-0.563335105,-0.736392447,-0.897693377,0.618807655,-1.271440718,-0.132508317,-0.07744991,-0.074097089,0.135950482,-0.021582836,0.48991902,0.409944396,0.532836934,0.011961442,0.018594255,30.41,0
536,-0.736061881,0.104863639,2.356355044,-1.796915784,-0.727808949,-0.17756103,-0.264345921,0.179151819,-0.672160027,-0.096591623,-1.19004828,-0.887365917,0.263957872,-0.914016413,-0.196125709,1.49288257,-0.096400495,-0.937396457,0.219976772,0.271757424,0.13268334,0.432163431,-0.347869502,-0.126574456,0.487953165,-0.235765257,0.304175768,0.126340498,15.0,0
536,-0.696401907,1.186597316,0.761499236,0.783975084,0.825519374,1.125638412,0.422931348,0.336891907,-0.142015412,0.50203108,-0.175564415,0.198320971,-0.390952409,0.100615573,-0.319214766,-0.64369275,-0.108278419,0.279169551,1.505738272,0.246713504,-0.098476429,0.084490607,-0.302055812,-1.344990967,0.091047106,-0.161472049,0.400489357,0.230986131,0.89,0
536,1.114270088,-1.084925813,0.873098705,-0.716837344,-1.405362354,0.085765418,-1.12573989,0.231227283,-0.58421971,0.708034235,1.501595006,-0.165154352,-0.352209772,-0.088660243,0.740809342,1.422634034,0.118340913,-0.71718102,0.130222151,0.216548459,0.508500266,1.188514823,-0.157749356,0.06263579,0.272105401,-0.044968209,0.029386428,0.026768964,102.0,0
537,-1.097277982,1.094348077,2.074334491,-0.085776053,-0.200635483,-0.424142015,0.575308278,0.10694539,-0.278104503,-0.188979871,0.14223542,0.179205211,0.200475057,-0.032477632,1.240978405,-0.149016427,-0.029613661,-0.688782364,-0.537782748,0.253305717,-0.080692239,-0.055630024,-0.132470995,0.410347988,0.18119809,0.295575571,0.395453509,0.197641504,27.34,0
538,-0.63601076,-0.303837535,1.215342656,0.308924178,0.561376575,0.296560091,0.862485175,-0.406400994,-0.084262962,0.318734286,1.322713142,0.886438625,0.555259223,-0.32463769,0.160904167,-0.723296137,-0.109603459,-0.36290983,1.37860535,0.11295077,-0.155456098,0.143291539,-0.013618544,-0.214472873,-1.093307243,0.396990557,-0.109661802,-0.345634287,158.0,0
539,-1.054584351,0.671513198,2.10671828,-0.59170062,0.228368409,-0.053747659,0.941606072,-0.191062246,0.267565409,-0.71242291,-0.693434271,0.113143219,-0.30690601,-0.611337361,-0.819922897,-0.490442692,-0.054992577,-1.017800991,-0.888781279,-0.175150733,-0.049688301,0.137517972,-0.420258772,0.130487916,0.482469027,0.39414256,-0.409756222,-0.179563892,35.64,0
539,-0.420049803,1.034648069,1.565849791,-0.029643469,-0.054335827,-0.907982629,0.688436382,-0.063127682,-0.389635388,-0.308594404,-0.407501439,-0.062628078,0.007594931,0.147237048,0.851449747,0.200169026,-0.392963059,-0.348189332,0.016145591,0.095868957,-0.228281824,-0.598231412,-0.023080756,0.360198738,-0.194315816,0.071639981,0.265159253,0.121071416,1.29,0
539,-1.738582309,0.052739517,1.187056991,-0.656652482,0.920623229,-0.291788033,0.269083076,0.14063145,0.023463959,-0.066407321,1.061539347,1.112409002,0.43115247,-0.164533388,-0.677748783,-0.064626327,-0.466099342,-0.53737844,-0.140597965,0.002974475,-0.179545429,-0.192035836,-0.261879413,-0.237476585,-0.335040252,0.24032254,-0.345129311,-0.383563251,1.0,1
541,-0.623524828,0.176954715,2.565715189,1.544279971,0.109686401,0.055218068,0.259801476,-0.192565686,-0.320105677,0.869785809,1.17067219,0.490575235,0.427361172,-0.660373551,-0.377799104,1.405789618,-1.667260357,0.887031804,-1.786331609,-0.074806833,0.387799736,1.408297054,0.019451325,0.54555051,-1.357580195,-0.332163773,-0.138539866,-0.2001514,67.1,0
543,-0.403086552,1.078431653,1.165327886,-0.187949505,0.499558708,0.016322819,0.573979654,0.19140172,-0.748148125,-0.407914317,1.541271333,0.98052939,0.811858512,-0.37157449,0.387964651,0.34736769,-0.125555559,-0.07616621,-0.041176598,0.150635329,-0.197658679,-0.462064711,-0.047855532,-0.339166392,-0.194769344,0.102003098,0.262818121,0.082944162,2.98,0
544,1.183728293,0.143446768,0.238718057,1.316873118,-0.030196067,0.012157434,0.022382293,0.04243861,0.409277431,-0.107348661,-0.9641575,0.080510092,-0.689018584,0.168557607,0.000918592,-0.588668872,0.168420017,-0.783958971,-0.228904367,-0.212156163,-0.130754638,-0.175157526,-0.101669531,-0.282290813,0.689078774,-0.288745648,0.034764049,0.011592166,11.46,0
545,-1.030746504,0.894746951,2.375619842,0.218371812,-0.86212636,-0.180483155,-0.26029937,0.592380546,-0.017765041,-1.034505383,-1.001593867,0.296203311,0.147483713,-0.212702732,0.00186383,0.141085155,0.052774866,-0.029849894,0.207954929,-0.097824815,0.006202865,0.020326243,-0.216072482,0.435669714,0.19286444,0.351030424,-0.066266128,0.005582599,3.98,0
547,1.192703611,0.412559039,0.74632827,1.293552563,-0.513108357,-1.024284222,0.146295719,-0.19979394,-0.09899583,0.010692081,0.047170099,0.596836889,0.390578617,0.272596763,0.929280078,0.184700512,-0.400393074,-0.586813383,-0.422458287,-0.119803844,-0.294073762,-0.865145786,0.200925257,0.667838302,0.242188414,-0.734883537,0.02686507,0.0369286,6.85,0
547,1.066851412,-0.464679211,1.984352689,1.521834264,-1.287325364,1.113013931,-1.314875812,0.528953409,0.249077729,0.530933849,0.938657016,1.395073316,0.591384428,-1.119702499,-2.248288824,0.515630476,0.28509622,-1.115815903,-0.269576999,-0.029287186,-0.080174015,0.115723692,0.149054599,0.419153116,-0.364680331,3.087444274,-0.13798734,-0.016173991,1.48,0
548,-1.233426042,-0.212440503,1.839631559,-1.802985667,-0.493195104,0.350423887,-0.905316429,0.844863073,-1.52351683,-0.270389879,1.560641788,0.510741914,0.891203952,-0.144349281,0.170163448,1.327734447,0.253640453,-1.205467172,-0.765260691,0.108814667,0.668410378,1.574749988,-0.1764822,-0.221560659,-0.058504336,-0.163971117,0.01467027,-0.03320962,24.99,0
548,-2.565417473,1.285935597,1.446036468,0.685430493,0.49679696,0.970669195,-1.994767269,-5.916807634,0.893286676,0.911375184,-1.061297979,0.245055522,0.734203808,-0.549400245,1.54732152,0.401650146,-0.563612056,0.738738841,0.475193228,-1.662162912,5.200061829,-1.191485223,-0.057647726,-0.457314002,-0.492138361,-0.330366176,0.40464007,-0.378188122,41.96,0
549,1.422461023,-0.547421898,-0.147437554,-0.615979102,-0.677018284,-0.825597404,-0.295487346,-0.237954141,-0.639154188,0.590816282,-1.034475933,-0.957039625,-0.476744725,-0.111483291,-0.131444285,0.698355602,0.474285433,-1.427977927,0.99971622,0.064030586,0.122827206,0.34216069,-0.236404067,-0.07752817,0.828617608,-0.034126116,-0.017270501,0.000945628,30.0,0
549,0.033854225,-1.818312576,1.077334392,3.350537205,-1.292194792,1.546079873,-0.282520328,0.402054975,0.928263324,-0.011706167,-1.801164398,0.092264738,-0.871234304,-0.757440246,-1.72000126,-0.204209739,0.428463579,-0.689307478,-0.677380464,0.809244652,0.108767896,-0.451007512,-0.475113296,-0.261082091,0.181752576,0.025918539,-0.019035002,0.117563605,530.85,0
550,1.10184434,-0.174472899,0.446908391,0.899498558,-0.666439738,-0.697083996,0.030418204,-0.121759541,0.539945357,-0.20876917,-0.760369818,0.182288668,-0.575758309,0.055251681,-0.141388856,-0.246409638,0.063733092,-0.630633422,0.202623888,-0.01777779,-0.197924946,-0.567183454,-0.040194408,0.41294409,0.411435308,0.263744302,-0.038703453,0.023468544,74.22,0
550,-1.274192759,1.722263452,0.42933738,0.105931559,-0.732006019,-1.107860887,-0.021278582,0.818795925,-0.447668788,-0.638641619,-0.587034043,-0.078227844,-0.37287137,0.255231746,0.902354221,0.640600177,0.370465637,-0.002596254,-0.127632129,-0.019674911,-0.21874913,-0.786584416,0.106722098,0.313636661,-0.083626003,0.083494242,0.109636679,0.018247212,16.83,0
550,-0.371258066,2.148826004,-2.564546004,1.807136208,0.475459861,-1.521837735,-0.661010768,-2.438626679,-0.551395026,-1.75293057,0.350951089,-0.694365694,-1.186788115,-2.681584424,1.082270928,1.16922001,3.164464457,1.693933373,-0.546015418,0.452169228,-1.388884608,0.180088551,0.571905545,-0.007535463,-0.493312281,-0.413731619,0.011435518,-0.052106854,2.99,0
550,-1.203351213,1.774640969,0.29929991,-0.418264754,0.484617042,0.071522618,0.046899207,-1.492543022,0.308864547,0.271294633,-1.53280794,-0.702163218,-0.258115985,-0.485219687,1.057280191,0.787659983,-0.357700747,0.382133004,0.350549744,0.035567678,1.100058727,-1.561117852,0.054078324,-1.119102875,0.145057009,0.182842662,0.528715801,0.218047947,2.67,0
550,0.601635839,-1.634334942,1.042737854,1.063767824,-1.872932781,0.247780877,-0.69990889,0.211613085,-0.24883269,0.658580129,0.510156357,0.445604237,-0.968040602,-0.118080406,-1.163945834,-1.435769284,0.109774018,1.655797152,-0.670856257,0.003128457,-0.302662243,-0.926638891,-0.144533819,0.484126562,0.113314801,-0.498559988,0.028261474,0.084219544,317.25,0
551,-0.474660996,0.3160965,2.446239577,0.961006559,0.311651837,1.857653939,-0.067269263,0.48240701,0.274670259,-0.430779454,0.511684608,0.87015192,0.487530082,-0.582748933,1.298821274,-1.767894217,1.172930508,-1.940991911,-1.088592354,0.013651394,0.181599728,1.047608974,0.118818206,-0.607101533,-0.918465135,-0.344380502,0.141437889,-0.044958224,23.97,0
551,-0.444316306,0.874648031,2.397414431,0.834891986,0.396998045,-0.023138184,1.196550524,-0.672690234,-0.133217376,0.525903475,1.465707116,0.99197755,0.429620087,-0.69747766,-0.74076033,-0.9154571,-0.302646437,-0.033941861,1.133091412,0.229731865,-0.168400215,0.127108159,-0.339153526,0.567472461,0.000613959,-0.521282592,-0.626835538,-0.563630606,8.84,0
552,1.238532828,-0.011075045,0.332072693,0.086029128,-0.449032311,-0.6539827,-0.114229786,-0.056522187,0.304678671,-0.187623667,-0.122767566,-0.018008136,-0.520844093,0.398580131,1.434727396,-0.021798518,-0.019764397,-0.818619112,-0.35758684,-0.1442887,-0.078096766,-0.206753924,0.069282463,0.11777242,0.196515243,0.760194618,-0.054257883,0.003193979,5.95,0
553,-2.618386141,-2.302448927,-0.386399715,0.854628489,-0.861209325,2.036706843,3.88551142,-0.016542145,-1.569958903,-0.966024954,-0.30321588,-0.223414556,-0.03848278,0.274760866,-1.441054338,0.93752967,-1.030241143,0.190084752,-1.023405833,2.135168973,0.615238685,-0.145438161,2.0025512,-1.419614846,0.626972563,0.87821729,-0.377408877,0.143627542,986.31,0
553,1.189482407,0.237247162,0.244980428,1.081823513,-0.165736186,-0.515928741,0.090389241,-0.047796628,0.10728846,-0.00673622,-0.316970891,-0.179416098,-0.873854482,0.588504893,1.265731843,-0.203006578,-0.098605426,-0.495148485,-0.725331635,-0.218716337,0.048803133,0.168334818,-0.064207814,0.063460077,0.583806412,-0.296477256,0.023571609,0.016121065,10.08,0
554,0.270554106,0.521380385,0.572349435,1.19170405,0.448293353,1.226614504,-0.158828984,-0.555250576,-0.260997249,0.03871233,0.111648971,0.600396735,-0.246067447,0.378191107,-0.245332499,-0.535907685,-0.003625426,0.083869191,1.22236,-0.086865385,0.664678218,-0.406255524,-0.354155747,-1.12643172,1.005675209,-0.069796559,0.20092506,0.200621687,35.95,0
555,-0.953029555,1.274549263,1.835506055,0.833733713,0.019393028,-0.103386967,0.833451369,-0.242794658,-0.075904725,0.636212189,1.329682128,1.17437929,0.497125517,-0.448920013,-0.78920485,-0.81098502,-0.155753766,-0.011146965,1.080576799,0.237896924,-0.143524777,0.138945079,-0.237128922,0.562703047,-0.068518997,-0.540692757,-0.627312162,-0.550222645,11.22,0
556,-0.848086552,-0.573440512,1.491398602,-1.739996626,0.411572231,1.453711949,0.815612749,-0.175545822,0.573243113,-0.522165619,0.020680302,0.645930771,1.316042834,-1.101346967,-0.25841911,0.844939972,-1.410315913,0.307772601,-0.033487185,0.137852616,-0.016864219,0.439242006,-0.380274465,-1.557906991,0.059606497,1.306595218,-0.392185659,-0.52142946,206.77,0
557,1.173584576,0.25065007,0.839630919,1.066308709,-0.365090385,-0.161886964,-0.230310151,-0.012302211,0.123302038,-0.100170385,0.011508453,0.963486763,1.390433686,-0.10317913,1.350645279,0.038158764,-0.38708977,-0.404589222,-0.936492373,-0.084331509,0.17183413,0.659724677,-0.064482707,0.1253293,0.506080661,-0.270853949,0.069603772,0.030001201,1.0,0
557,1.135720955,0.18532769,0.532580535,1.474705867,-0.335261004,-0.372401883,0.059039843,-0.019913106,0.313130756,-0.117885505,-0.295769459,0.479426009,-0.484281366,0.145034377,-0.084832544,-0.803784577,0.399018268,-1.047415582,-0.489409423,-0.213577243,-0.081964334,-0.022336278,-0.020835973,0.413027563,0.60860401,-0.332334506,0.037787391,0.019238445,11.45,0
557,-0.332048621,0.319510837,1.234834034,-1.843052199,-0.349018053,-0.947157563,0.23872877,-0.068451893,-1.051424323,0.217332547,-0.930288368,-1.258641302,-0.422576615,-0.231607488,0.09853227,1.380855394,-0.126894603,-1.112217747,0.044301762,0.131544411,0.184122337,0.506399597,-0.179404878,0.014047394,-0.163897282,-0.388107569,0.362960839,0.200999416,3.95,0
558,-0.439880215,0.630450501,1.942590731,-0.798746628,0.261324547,-0.617938632,1.224288085,-0.844640653,0.211259338,0.263396921,0.504980366,0.041331099,0.317095641,-0.64158957,1.219668195,-0.537746854,-0.245160887,-1.040388908,-0.226828062,0.129802568,-0.085055613,0.177107018,-0.142910325,0.46689651,-0.438533285,0.803908754,-0.907361843,-0.614642305,17.68,0
559,1.169777631,0.351227092,-0.257896565,1.002975054,0.431219558,-0.181795363,0.395080055,-0.049969452,-0.585227928,0.217505814,1.251676635,0.858110141,-0.049136028,0.771156955,0.220395667,-0.173254768,-0.417456172,-0.221115061,-0.259431905,-0.125418092,0.072416324,0.214930114,-0.184748438,-0.300331638,0.778690735,-0.24962401,-0.000996128,-0.002364652,22.24,0
559,-0.98841977,1.04400956,1.410774101,0.142818951,-0.477671966,-0.477862872,0.168853048,0.590440683,-0.40523843,-0.514288873,0.791825073,0.712210754,-0.837419295,0.468441813,-1.104952772,-0.13189923,0.087902106,0.015870278,0.598720002,-0.035311798,-0.080782512,-0.192733674,-0.073253544,0.555201105,-0.070678518,0.212872403,0.186031066,0.092995991,9.23,0
559,0.940965065,-1.868811022,0.426719309,-1.717117277,-1.861869393,-0.357676464,-0.767727544,-0.03981561,1.200838095,-0.585487045,-1.386855669,0.293601235,-0.124621657,-0.480286664,0.259230856,-2.187021883,0.409553471,1.287114409,0.491033563,-0.03876626,-0.446133804,-1.003234428,-0.181037411,-0.10547471,0.271430109,-0.092694701,0.02873262,0.063535426,242.15,0
559,-0.689943486,0.115395704,0.619567779,-2.256788626,0.985793004,-0.667985526,1.631148138,-0.939184051,1.896689959,0.237535561,0.408860571,-0.303664904,-1.945099033,-0.3608614,-0.36750995,-0.786716246,-1.076618447,0.606707637,0.779207926,0.082788378,-0.200851366,0.485565476,-0.427692142,-0.510044263,-0.10932988,-0.906514444,-0.318317115,-0.599254815,50.2,0
559,-1.859011468,2.119134323,-0.034072645,0.099485732,-1.046837376,-1.210226227,-0.433630175,1.261115592,-0.419833446,-0.546292742,-0.712022291,0.097266042,-0.309663885,0.502753657,0.880262276,0.741252782,0.531486834,0.016875439,-0.161704917,-0.007672762,-0.208053623,-0.824564873,0.142968148,0.310898688,-0.014682051,0.089731332,0.093359673,0.008070433,8.99,0
560,-0.604302881,0.919297541,1.750526,0.436348407,0.408253241,-0.358938666,0.682986643,0.044292708,-0.631068693,-0.549595577,-0.2492165,0.107011773,0.101571786,0.256497263,1.060997938,-0.203830011,-0.179815697,-0.611510768,-0.444957113,-0.040118406,-0.093373849,-0.325678774,-0.01784057,0.024180486,-0.20444091,-0.645219136,0.130324462,0.126712881,9.99,0
561,-0.711796999,-0.983416038,2.042489956,-2.348505393,-1.670332779,-0.407697243,-0.243284569,0.098952246,-2.324725166,0.787728509,0.953107031,-0.881548833,-0.379009546,-0.311722737,-0.443371685,0.207979298,-0.018227189,1.062171604,-0.825869138,-0.039358781,0.230366969,0.659188216,0.153339402,0.486741377,-0.021313017,-0.232520385,0.060911695,0.115507314,149.9,0
561,1.214872411,0.307969625,0.278628885,0.642981278,-0.185160762,-0.603602499,0.006881251,-0.064238914,0.030872046,-0.325988093,0.152765125,0.313114993,0.192869624,-0.256773924,1.347208799,0.186606634,0.273776501,-0.746653388,-0.556363656,-0.115172396,-0.26068152,-0.716148032,0.159803767,0.033516461,0.143169689,0.124258957,-0.006506053,0.027226192,0.89,0
562,-0.312911121,0.815135971,1.405269595,0.070526877,0.058558462,-1.030855298,0.760190986,-0.182237641,0.037324756,-0.244486802,-0.443462503,-1.156896693,-1.765280973,-0.263621769,1.131915618,0.387982416,0.010268441,0.068987061,-0.07397317,0.102080479,-0.32654209,-0.821321603,-0.000187964,0.276734255,-0.243045576,0.04977476,0.064618542,-0.126739304,10.99,0
564,0.186117641,-0.159357905,-1.389222458,-2.433996467,1.753377824,3.593082087,-1.582164538,-1.903514335,-1.314804967,-0.327551053,-0.524536564,-0.459615719,-0.360896356,0.357503038,-0.745138859,1.302088079,-0.084053063,-1.232425937,0.149428323,0.803666966,-1.08440076,0.656715993,-0.139814515,1.036164108,0.804412737,-0.242089622,0.103551543,0.276179539,48.0,0
564,-2.422708227,2.544338338,-0.509210483,0.084549536,-1.431676563,-1.265684428,-0.776953356,1.697062211,-0.399876797,-0.466412839,-0.836636145,0.264950125,-0.246808402,0.747364156,0.856407504,0.844407355,0.689970819,0.039767682,-0.196731525,0.009864706,-0.196937739,-0.855361021,0.224607321,0.305454612,0.065000793,0.09688987,0.07278564,0.004235046,9.99,0
564,-0.203836964,0.532746629,-0.339856733,-0.730934261,2.728162575,3.535881818,0.263680184,0.919169088,-0.194501262,-0.585054306,-0.802375304,-0.014147022,-0.375816523,0.038238141,-0.85273953,0.107166834,-0.806489194,0.004004115,-0.292566028,-0.089162785,-0.082087318,-0.271636333,-0.157777907,0.989457904,0.228821132,-0.545155553,0.058120066,0.035573006,12.9,0
566,1.166359937,0.005060629,0.497768219,0.798919611,-0.365524459,-0.233421182,-0.074209679,-0.008324615,0.437687332,-0.247289456,-0.417290468,0.634783847,0.085302918,-0.06635991,0.027261275,-0.580178535,0.302829747,-1.177537273,-0.144620437,-0.118735089,-0.195728247,-0.365798298,0.03072878,0.123133361,0.381748872,0.296735208,-0.007174588,0.011904559,18.56,0
569,-0.461787766,0.44320509,1.805630196,-1.154089988,0.159950498,-0.47207386,0.649424848,-0.10082337,-0.220588142,-0.413928076,0.879423322,0.055164543,-0.690801569,0.099161308,-0.002886661,0.815666833,-1.058484991,0.350706505,-0.111046334,0.005715049,-0.048765121,-0.136351297,-0.120306251,0.013575306,-0.455417874,0.675957852,-0.155641476,-0.120385775,15.25,0
571,-2.990622355,2.962638279,-0.980844198,0.071903672,-1.795237643,-1.335732687,-1.143681016,2.134599402,-0.377239637,-0.382308096,-0.961325111,0.435644304,-0.184131268,0.993494383,0.832997905,0.946421076,0.849673036,0.061173734,-0.232544936,0.028666426,-0.184759157,-0.890627975,0.278109118,0.301391093,0.13776377,0.103233296,0.052097335,0.001937696,9.99,0
571,-2.35533624,2.316181528,0.701735382,0.174500916,0.677346314,1.029704775,0.792867745,-0.060580653,1.2965249,2.803641983,1.130191861,0.311371726,-0.027667804,-0.629411766,2.261939986,-2.067811522,0.828435504,-2.163511042,-1.46681788,0.972465687,0.008872406,0.955805671,0.047291561,-0.650139624,-0.28228194,-0.286390827,0.335493474,0.22306064,2.89,0
572,-0.77294138,0.815403709,1.365536399,-0.519297932,1.034867113,1.658806115,0.436414653,0.505823566,-0.269479849,0.193451297,2.02722064,0.676563439,-0.369161745,0.215080455,1.339037808,-0.862921078,0.341512323,-1.702005139,-1.146235577,0.163925224,-0.164131623,-0.067183042,0.030242908,-1.380112611,-0.477699139,0.180325111,0.275730306,-0.068830302,8.98,0
572,1.063195416,-1.156246963,-0.814093598,-0.462131622,1.137834815,3.909056816,-1.116744956,0.920513653,-0.600150452,0.686100388,-0.688734223,-0.122089523,0.308789739,-0.099845868,0.511127666,-1.107052126,-0.560792996,1.889920292,-0.789775239,-0.112383598,-0.205082975,-0.434831766,-0.220055192,0.991995908,0.631623601,-0.223178534,0.052541609,0.053525348,158.0,0
574,-0.40205703,0.584299901,2.474226946,0.929684063,0.01431371,0.297490246,0.715194583,-0.257152873,0.593868327,-0.179321634,-0.5097084,0.345462617,-0.257994861,-0.958306062,-0.888987964,-1.203546414,0.354845756,-0.902393447,-0.202308508,-0.02660022,-0.07281233,0.445732605,-0.245103368,0.421234408,0.049279871,-0.388322968,-0.329332988,-0.386747159,12.0,0
574,-1.062129079,-0.618573509,0.615387802,-3.335833611,0.746649119,-0.54053065,0.705931946,0.032525275,1.334180767,-2.326388615,-1.277858363,0.068233813,-0.194686301,0.309083013,1.902638446,-0.513264466,-0.567202425,0.068316321,0.762924821,0.311058829,-0.114268577,-0.661121961,0.136249609,-1.377245041,0.263819893,-1.115515585,0.079212743,0.116637851,131.37,0
574,1.178363862,0.444452844,-0.398723301,0.724485932,0.12343852,-0.753883382,0.16141225,0.004017369,-0.306010659,-0.447325443,2.067541739,0.305623801,-1.052388239,-0.606656603,0.567806315,0.343058741,0.965955483,0.223977904,-0.463516775,-0.159718205,-0.055267174,-0.147936552,-0.026551338,0.113746626,0.412081377,0.371214482,-0.02667872,0.023271788,0.76,0
574,1.257719194,0.364739119,0.30692262,0.690638247,-0.357791752,-1.067481302,0.094271849,-0.210300432,0.014454964,-0.286012373,-0.050113155,0.298046748,0.34871675,-0.312208562,1.080897192,0.474305385,-0.014203177,-0.312505183,-0.197051773,-0.073778921,-0.286856218,-0.820657826,0.127663147,0.343127648,0.221120131,0.094391123,-0.022188975,0.030944046,1.29,1
575,-0.572263019,0.731748243,1.541254212,0.150506094,1.10897409,0.372151601,1.084879476,-0.146328951,-0.274446612,-0.663670138,-1.184812679,0.489481658,1.051276466,-0.592285867,-0.66423606,-0.451183849,-0.41816046,-0.785998526,-0.547119244,0.056543922,-0.143508128,-0.107581774,-0.418263292,-0.731029407,0.877524965,-0.364150378,-0.177508746,-0.25654494,26.72,0
579,-1.296844504,-0.511604913,2.404725619,-0.310761701,-0.319551485,-0.542842315,-0.173310294,0.260423309,-1.202688162,0.050583664,-0.680376156,-1.170104665,-1.522318882,0.242212355,0.931738662,-1.205408319,-0.069890444,1.337347935,-2.360862356,-0.349667885,-0.07126969,-0.161175253,0.088495504,0.285389767,0.281068982,-0.370130251,0.043410327,0.092318482,80.0,0
579,1.214170394,0.210481142,0.48465127,0.479767782,-0.261955017,-0.527039085,0.021782351,-0.106887849,-0.037630678,-0.144072841,0.122568407,0.781490321,0.916075544,0.13899149,1.22536595,-0.012037349,-0.166323338,-1.091277469,-0.449704672,-0.07154044,-0.224291781,-0.594608892,0.159877264,0.091872769,0.140963981,0.227406271,-0.017388564,0.016029868,5.98,0
580,1.267030288,-0.071113542,0.037680489,0.512683226,0.242391583,0.705212477,-0.226581594,0.109482807,0.657564537,-0.276917772,-1.731615029,0.353942246,0.640629838,-0.354726378,-0.075235937,-0.241936026,-0.178459086,-0.616666831,0.35214989,-0.06698994,-0.164468136,-0.177225223,-0.222918293,-1.245504755,0.678360338,0.525059338,0.002920467,-0.003333233,12.36,0
581,1.153758048,0.132273106,0.38296904,1.405062582,-0.224287007,-0.19729492,0.020652726,0.029259808,0.412253789,-0.103547035,-0.673794498,0.101311855,-0.935910633,0.227343427,-0.004872983,-0.684631614,0.309801652,-0.878240273,-0.363991872,-0.23087694,-0.107809047,-0.125230562,-0.05704063,0.073082451,0.63397685,-0.310685266,0.033590498,0.015250303,13.79,0
461,-2.1724999883671643,-0.04195104136956829,0.21799602697911213,2.7166407629692286,0.8157216531230143,-0.5205540077033974,-2.3458580092108097,1.1211743302661883,-1.0983070839697642,-1.676711186988288,1.7409089212415438,-1.1936301644995109,-0.19045595389400077,-2.745328328340399,0.5244922104478654,-1.5219543601082457,-0.8874567963374278,-0.8675954250606348,-0.04987158423584204,0.34838088251598853,0.4747393741284798,0.5165968827527702,-0.12311293836060566,-0.2076236026260765,-0.07376906760954213,0.4841303716405669,0.0881935555226114,-0.155732454579078,0.6724970318187441,1
534,-1.8445755680254516,-0.9782142407148089,1.704953247195156,0.07025404849813843,1.5442335328108832,0.06668781675923485,-0.6935140300604932,0.40268251161896607,0.40188358954036874,-0.17249708468324051,0.6090058433578218,1.028873158323733,0.38116825163468593,-0.44005274488247087,-0.12425768080844779,-0.8440045832272065,0.3305123941495396,-1.094516828139367,-0.3362926165831077,0.252972610906557,0.06400914295083238,0.3692868462199582,-0.03543101502664453,-0.4881641187833573,-0.28822323184953985,0.49144222839899676,-0.25591703917504655,-0.29758931383060594,1.202288702959893,1
531,-1.9300231346716115,-1.8093283203403059,2.122460693177226,0.6562572979628415,2.046963456261177,0.35567684629729057,-1.4695216849789439,0.6139376966964131,0.7069505050981677,-0.2580224495616078,0.24419125922657858,0.9615298703118319,0.34087295484604013,-0.6621655360729836,0.32194491997404706,-1.4723084593779603,0.9727092191325891,-1.5436597263706706,-0.4940538925094321,0.4545112047350738,0.2603531907713492,0.8218029565838624,0.1471227129712666,-0.6902584778705824,-0.250481204797419,0.6938849734181276,-0.18399763965372812,-0.2282805314263349,1.36536584189172,1
435,-2.237885934052695,0.8911275233882172,-0.6373567015948471,3.3162169357157927,0.1896382293951122,-0.9445185093089197,-2.435485384047191,1.2477485633520513,-1.8806283881848027,-2.1893860324867163,2.424651493461984,-1.9920936416237554,-0.37986879087452213,-3.4678182433265485,0.46142660972230637,-1.3435659913591678,-1.7965085224880295,-0.4694707099312381,0.1685832690822121,0.24474241031530936,0.4946242472125012,0.2584504466106792,-0.2831999774039425,0.039374027784606636,-0.018415322152248698,0.3407997140715119,0.16912730545754823,-0.14990331749232685,0.35779769047717336,1
408,-1.3165823922794009,-1.4908035571645348,1.8025567874384167,0.8019991617129034,1.9214795798560713,0.481219471336064,-1.316566420472194,0.5743691394719994,0.6020336573627998,-0.2672872342734082,-0.5833082097263307,0.3076110544782722,-0.009340756881406842,-0.4317146232204379,0.9542445755421489,-1.2999148022530205,0.874398162180733,-1.3204671947904465,-0.16206904858116722,0.4016547547542643,0.24067385760914498,0.6752230520281086,0.2494165434554631,-1.0242578820639763,-0.6050845619136542,0.6019414306449187,-0.007097752888482606,-0.038742139351583105,1.3318121596070753,1
292,-0.5494416102496904,0.3797346469511725,0.7046185995481535,-0.15029466345488163,0.8565248251091719,0.06472098035585833,0.28695579534469023,0.13988692879280404,-0.07268302538638682,-0.11641833470632275,-0.7197889518053697,-0.21368775690161268,-0.2806150736066255,0.2120398137894861,0.7451985491459596,0.04645745796401882,-0.42463689078792616,-0.2590656600270765,0.4617756654196973,-0.02779890679817472,-0.14621736659353488,-0.31665164234655513,0.009072064412264325,-0.976713633606453,-1.0267322602992404,0.13210347546776613,0.033435963065919394,0.019187600004624494,0.9934376995213406,1
474,-2.0152930374376257,0.9688884310285966,-0.16209694253941542,1.5885825957924213,0.22464951244974996,-0.8391647817678431,-1.0846836300305676,0.7440930381143913,-1.3240718591851472,-1.371644580315022,2.09405668290925,-0.8230257624930031,-0.06394323213862013,-2.154188855913107,-0.1628282319263924,-0.5837184192594703,-1.6064090344346984,-0.28627607738864913,0.12835110359243462,0.06275794724724346,0.15656165881790582,-0.11630973759360447,-0.3599612019319979,0.031530905766381595,-0.15195087835183507,0.21018252627898656,-0.052678698914858046,-0.26765500853480356,0.5176265836570771,1
488,-1.0447239105408763,0.0834957798120679,1.8200883705111033,0.2867914348898649,1.1290414591358355,-0.7383880673785306,0.5539295956293442,-0.05382447218207331,-0.022387566283353366,-0.5480061609200289,-0.43237566855536924,-0.28190718592034036,-1.2975569534323108,0.07552817247225385,-0.17657279303386497,-0.7941928913126437,0.1461118219804265,-0.9053133401884621,-1.1329328149574145,-0.037894646430871703,0.1050804665490842,0.38078019957566966,-0.19752053642700534,0.2502585793848898,0.32472961252097243,-0.3108560771656711,-0.10664202009014634,-0.13069138507721323,1.054376861621356,1
538,-1.7618482288624335,-0.17355871865579403,1.300737171272572,-0.49709375872319117,1.057508041178176,-0.2131012328223269,0.05778938302999781,0.1981526457397068,0.10652849423058222,-0.08969442399856023,0.9622065372759692,1.0940725694524727,0.4201807456699224,-0.22501092531430686,-0.5562553998682825,-0.23570279184906234,-0.29124006335211317,-0.6596724161444943,-0.18355367862841204,0.057850008116337184,-0.1260842824588162,-0.06882339153351053,-0.2121731361229073,-0.2925034435487509,-0.32476373961578336,0.2954442581157469,-0.3255468810784275,-0.3646916477411485,1.0444031327597005,1
226,-0.22828976674312496,0.46804639081112975,0.5743262136631799,-0.013542345524273691,0.8392137360202178,0.16100355397079225,0.29178268990145284,0.1396858555653281,-0.09864949118453428,-0.129924835042487,-1.2008732067240393,-0.5718273944036325,-0.4728425022175815,0.3137411331514073,1.1294946710528755,0.07645791321912261,-0.4134391051456953,-0.18390158360308956,0.6244590233203495,-0.03610988993566329,-0.13721643954294574,-0.35030669761487765,0.08224807004660478,-1.176359765639282,-1.213537878707145,0.10287669674123925,0.13567528241778892,0.1279587306285308,0.9916654156372046,1
540,-1.6055555841129108,0.0665913557347134,1.1479816867565977,-0.5968368483028696,0.8638654702101228,-0.32622646818040985,0.2613219862104644,0.1250511357778893,0.023063986868298886,-0.07615712114760517,1.0121853379306402,1.076253780833898,0.4274925733459652,-0.1710897191050914,-0.59967022046019,-0.040699388902024444,-0.44603651896340063,-0.5273947474832584,-0.1431043433394713,-0.0004331436537366065,-0.18430970348687212,-0.21994475118693227,-0.244584901446657,-0.21169951300165826,-0.3103484130150501,0.23384362643198778,-0.3307917367642285,-0.3651603806258065,1.012875122940275,1
514,-1.8452352149237572,0.4058517526250434,0.6670511771203212,0.20873082597857961,0.6523733503785667,-0.5027640266696793,-0.2527006436129487,0.37322428204942,-0.4959181829836632,-0.5694862851294554,1.4595035853696028,0.3664323533007019,0.24032721489844583,-0.9314083792161758,-0.4792824156063631,-0.26470053588270726,-0.905610101260643,-0.44059579334212623,-0.03693664376092534,0.02601688133307452,-0.049999322060993195,-0.1628486465660673,-0.29968317965141184,-0.13379274604122213,-0.26447192292366994,0.22870564293902249,-0.23240976523402268,-0.33888861568959067,0.8140783088396232,1
503,-1.2082708162854647,0.27877252155291715,1.5495911316549682,-0.10747690743509841,0.9505666516657306,-0.6904015940663696,0.6681659269586192,-0.05384225897096573,-0.08487696612521753,-0.399035546429335,0.054090805438000045,0.10526089683906426,-0.8281107668193874,0.06607947559903443,-0.4190403793799581,-0.4464293967945699,-0.17385336088305198,-0.6975484837766983,-0.8304985954925735,-0.07636531585068612,-0.01865232665480651,0.11772139228117087,-0.25931893414054547,0.17006475574946148,0.14008891936118756,-0.21388092405394218,-0.18765008842836128,-0.21488456291069227,1.0,1
456,-2.0932386150493136,1.2269548843442164,-0.5421349093742116,2.2210342032912695,0.028603361130066896,-0.99335322648344,-1.4660209509534552,0.9140798048640066,-1.7036540253480907,-1.7393118286072724,2.384902508063692,-1.368210914871922,-0.2034048305166456,-2.714647229068302,-0.017782248331259742,-0.7299394681984691,-1.9276184726624037,-0.2155440215557899,0.20411032918490474,0.07959812291464304,0.2512383677668848,-0.09497874506616247,-0.3875894826808433,0.10730658807565249,-0.10037713900263862,0.2016925020866714,0.02970058580090046,-0.23500526286026302,0.3817486768853934,1
537,-1.7874727421153829,-0.42279804265278237,1.425941732416777,-0.32135969605103193,1.2082696145235219,-0.1264375218705566,-0.17492430582426255,0.26150507931090466,0.19801373515170062,-0.11534226783786233,0.8528038180077729,1.0738772725717076,0.4080967577095866,-0.2916194009550428,-0.42244556881014517,-0.42412221247428505,-0.09865434442901255,-0.7943640007024899,-0.2308640476002592,0.11828857379165046,-0.06720348745210783,0.06687977149757088,-0.15742786242975593,-0.3531086753422027,-0.3134454410339745,0.3561539659086877,-0.30397927326333685,-0.343906926970591,1.0933076536469493,1
556,-0.03077480282447298,-0.7663402054263833,1.1611871134904703,0.8683600244781142,0.7573028325823108,-0.4103425658890887,-0.7774827147645387,0.1846160754106968,0.38790124372188184,-0.30286595673646743,-0.0528343743050881,0.538435904559024,0.3324593408811396,-0.5231147047811565,0.9264442473059944,-0.5006138191865039,0.5857365048886476,-0.9460027047730776,-0.36600742433625405,0.20093227182347262,-0.0063592785993586975,-0.023407394172664464,0.1949584233936716,-0.13150590957160668,0.046946704110525705,0.3975551146481341,-0.06269626182488072,-0.048938811395496426,1.373044793442125,1
504,-1.8883543931416666,0.5486130706309976,0.4568157112526048,0.5586004967609893,0.5439214125431475,-0.5880604505406486,-0.4636549069058597,0.46726027375992013,-0.7059015017635824,-0.7728783195432797,1.6203983192728733,0.06483813246758063,0.1631776228462235,-1.2414516839972616,-0.3990435642428107,-0.3455894286409398,-1.0833018630847042,-0.4014671061910693,0.004973053364504293,0.03533279838793276,0.002375450329480333,-0.15104842779114425,-0.3149670327957018,-0.09187394512663144,-0.235941538949345,0.22400899590092416,-0.1868378781820235,-0.32082690846197215,0.7389112004867544,1
513,-1.6340354276279676,-1.506537111578147,2.2190241847067966,0.8128576649431367,1.9508640296916637,0.08323812767052552,-1.0885902644462893,0.46540416461718237,0.5825552523397399,-0.4127535547334871,-0.2009398012216228,0.45043804309690877,-0.3079170776429678,-0.49234229892410475,0.3578995479078731,-1.532083784180823,0.9826185945444307,-1.5274916505496583,-0.8193421967992309,0.3682748111404561,0.3007513236192085,0.8830184506733163,0.10788466985348316,-0.43247025774086395,-0.010697507456252947,0.4116464651227427,-0.11772732323822171,-0.15558018882728447,1.3291193727957804,1
556,-0.2189778054506184,0.2109732594421786,0.740687974877592,0.026639589017837584,0.2722621877004132,-0.6851886917004479,0.18042580050411902,-0.03734719059819225,0.018894956394372078,-0.1777822362704664,0.4977535775339498,0.6993969778562383,0.3893443638264686,-0.23942834074362535,0.21416624660674954,0.20869832201839966,-0.236915647774588,-0.4233317014715584,-0.1692290826606956,-0.035951783291273534,-0.23396917710431,-0.510847813392041,-0.06431897794115368,0.056982703013324615,-0.052977908855839806,0.16631195119226116,-0.18134686505055092,-0.17334169798051366,1.147076422579,1
224,-0.27287239238694805,0.04226401701019977,0.78843896365131,0.28615396105935176,1.09667042976246,0.3087249304316582,-0.10556760227166428,0.24785498767417624,0.05762056675887384,-0.17368128201984273,-1.386423633092328,-0.6053822794540256,-0.4929773930817903,0.1997499428530689,1.3569685208477327,-0.24532902222960118,-0.08464519906176071,-0.41406991868871756,0.5432598169056877,0.06710505991703608,-0.03670604269266442,-0.11851859794511577,0.17553136495214988,-1.279321141065226,-1.1937294895633728,0.20660872243814066,0.17223547273780832,0.16316530864740614,1.0751700954912147,1
479,-1.9935748310311503,0.8969826132589532,-0.056205841864864325,1.4123607372259728,0.279274430373477,-0.7962028002105395,-0.9784304864904052,0.6967291234478085,-1.2183077595974419,-1.2692003694697038,2.0130174519905406,-0.6711192139509148,-0.025084635254007115,-1.9980266847754258,-0.20324282255067105,-0.542976416709318,-1.516909500363747,-0.3059843589256124,0.10724208690377948,0.058065719384260216,0.13018160789207403,-0.1222532550164133,-0.35226305250075296,0.010417303694139568,-0.1663210216063979,0.21254812678455032,-0.0756322822212489,-0.27675230356302416,0.5554866459693836,1
416,-1.3608589742742367,-1.555839814514341,1.845578001168247,0.8238825031829795,1.9564698836454129,0.48853708703851245,-1.3679397794274883,0.5882206217956719,0.6251289145201238,-0.27125821435464414,-0.5492382037882386,0.3463423344456552,0.011176223104067462,-0.4585028044580116,0.9371600982568458,-1.344652759889343,0.9150829903657955,-1.3589186547930807,-0.19199072351890972,0.4158471233205655,0.2524409518218075,0.7088954009098642,0.2525509228947155,-1.0134375111734009,-0.5801128883571944,0.6187123546295137,-0.014705481347210655,-0.047307518314720826,1.3426995070468055,1
557,-0.13976441630698733,0.21922161023769732,0.7174198136598695,0.062257988801380004,0.23846465988967447,-0.7056957377076241,0.1758043063930751,-0.04662479624099555,0.0186567850935155,-0.18358794721930322,0.4683647586366356,0.6778676377463067,0.38716500612125854,-0.24333243751532976,0.2606596678609441,0.22294608960178736,-0.22496884377812135,-0.4173867146947265,-0.17072155511624337,-0.03798091708149986,-0.23680615838935629,-0.5274667278331467,-0.05402061966099023,0.07233216934741019,-0.03827466594095286,0.16245395422115247,-0.17280927346301203,-0.16238334556262096,1.1547431686753633,1
441,-1.5006097184171296,-1.761114588478695,1.9813664103407407,0.8929531747884084,2.066910228677392,0.5116337714187152,-1.5300901717942637,0.6319402332697722,0.6980247711669612,-0.28379186976178583,-0.4417026066783154,0.4685903706124898,0.07593423041523037,-0.5430546847865847,0.8832361432823639,-1.485859749892287,1.0434970358504134,-1.4802834916130407,-0.2864328902389829,0.46064267841833983,0.28958158234317233,0.8151758679480223,0.26244400495585557,-0.9792850356269279,-0.5012944745416094,0.6716466372957863,-0.038717852344328604,-0.07434253389257174,1.3770633815351743,1
183,-0.018315514008692135,0.5257860326646571,0.4891389512627248,0.07586852459141957,0.8278954668931154,0.22395465281986504,0.2949385913794508,0.13955439064760206,-0.11562678514177338,-0.138755602707333,-1.5154138483902728,-0.8059848631510595,-0.5985238940381514,0.3802350953281765,1.3807536709860189,0.09607269451728577,-0.4061178123676898,-0.1347580986793364,0.7308240254157504,-0.04154374469647819,-0.13133148832881403,-0.3723109153193218,0.1300917222374014,-1.3068916253577088,-1.33567440360924,0.0837677576302868,0.2025209976613539,0.19907504938435694,0.9905066678618796,1
527,-1.9704330846670177,-2.4141781872567125,2.4467493679303316,1.1131529113554572,2.4199863516230264,0.5522483522502114,-2.0261925622949746,0.7617962964903431,0.9278757507974906,-0.3355470883564623,-0.06882888658907027,0.8684838678295705,0.25700067107761615,-0.8165007287875493,0.6629932683457278,-1.9532952492787032,1.46012312352217,-1.8826507129426135,-0.6403347514004499,0.6001291868417612,0.41244643895408317,1.1697119328909225,0.2822196232039724,-0.8221934763491255,-0.202169918899078,0.8240737728935847,-0.12405516496276935,-0.16978750537424983,1.4859510897541355,1
557,-0.17119071112428674,0.21594924546882643,0.726650981549413,0.04812711591967056,0.2518731389935073,-0.6975599859032808,0.17763778982308884,-0.042944095626094275,0.018751274694309716,-0.18128464993743404,0.4800241724931058,0.6864089638634081,0.3880296217941481,-0.24178356683236502,0.24221435224959087,0.21729357871436622,-0.2297084943419508,-0.41974526681771296,-0.17012944714179856,-0.037175899679709724,-0.23568064398808042,-0.5208735128423998,-0.05810628304372675,0.06624258197439006,-0.04410787736655891,0.16398453574946548,-0.17619638861059395,-0.16673084814418737,1.1517015436960707,1
471,-2.031820361410945,1.0236079932062094,-0.24267894337249896,1.722685554996262,0.18308053116995893,-0.8718583925773262,-1.165541141631907,0.7801364731793548,-1.4045572135425513,-1.4496035346661873,2.155726675305252,-0.9386250295059229,-0.09351421087603262,-2.2730266064374725,-0.13207315851032175,-0.6147226496671621,-1.6745172275040265,-0.27127828485354993,0.14441484067284055,0.0663286827212851,0.17663659686407393,-0.11178678407942562,-0.3658194117336726,0.047598132274904364,-0.14101535224686365,0.2083823294664522,-0.03521126626626753,-0.2607320638220468,0.48881547910384926,1
509,-1.8645993015983942,0.4699634228818872,0.5726380191846204,0.3658513210775166,0.6036694369212103,-0.5410691941876444,-0.34743660119878733,0.4154542402553776,-0.5902181059676637,-0.6608261748512907,1.5317586630765687,0.2309915384672585,0.2056806504425489,-1.0706435333819424,-0.4432485175430697,-0.3010263564368486,-0.9854084373963929,-0.42302376806769487,-0.01811571439294575,0.030200500612466912,-0.02647870608338479,-0.15754936980382186,-0.306546897125636,-0.11496772831697817,-0.2516594146391305,0.2265964589497938,-0.21194420890217344,-0.3307774113785991,0.7803220439620562,1
494,-1.176197071358013,-0.2712345181253961,1.9090894352021819,0.4041548124225619,1.3123869527313246,-0.5550863844126217,0.18748965436284548,0.06201346426993537,0.11257287852711528,-0.5178318182701598,-0.38074320571937403,-0.11852374732038107,-1.0767720565346057,-0.05116157250037523,-0.057334044094634495,-0.9588135464511751,0.3327333052623802,-1.0441189577324397,-1.0629719392975499,0.05272021661853421,0.14873389145746863,0.4928276455198155,-0.12938579506275066,0.09794436933583384,0.24989709625661183,-0.14966850458504422,-0.10911510911222674,-0.13624398264760096,1.11567087218725,1
573,1.2227346643339099,0.36109624149883773,0.31719898470547636,0.6749074093555384,-0.3428651009992283,-1.058424381608662,0.09631292816069995,-0.2062029849225569,0.01456015216364895,-0.2834482854244255,-0.03713360674837585,0.3075551637603906,0.3496792615793581,-0.31048432079777943,1.0603634098612744,0.46801286989510044,-0.01947947338559608,-0.3151307816330982,-0.19639262373923225,-0.07288275569198721,-0.285603267495018,-0.8133180957906427,0.12311488534045739,0.33634856852708683,0.2146264555809253,0.09609500426232939,-0.025959595464548457,0.026104298459844855,1.2866139877468914,1
538,-1.7477228558358253,-0.03616690209311679,1.231718840530578,-0.5939662013027542,0.9744015469958431,-0.2608741303201165,0.18607153344649774,0.1632299626236252,0.056097754661658894,-0.07555619011360493,1.0225141889583165,1.1052051165962147,0.4268419780572006,-0.18829336678464992,-0.630017338667493,-0.13183761495707502,-0.3974018894337539,-0.5854244155426631,-0.15747409603665719,0.02453357876879858,-0.15854199923036394,-0.14362901924563953,-0.24235116934937323,-0.259095140413548,-0.3310028899136404,0.261978363156241,-0.33743590713220745,-0.3761491115860168,1.0174447826282917,1
419,-1.3796650925989522,-1.583463436212596,1.863850912025965,0.8331772746058144,1.9713317307806966,0.4916451848309549,-1.3897601960839512,0.5941039263285754,0.6349384372807341,-0.2729448558682443,-0.5347672456851434,0.3627931308061162,0.019890643592027857,-0.46988086670582696,0.9299036053915923,-1.363654843767745,0.932363540453385,-1.3752505998978757,-0.20469971174700963,0.42187521651432114,0.25743892944634994,0.7231974574104149,0.25388222508547653,-1.0088416465850003,-0.5695063729824591,0.6258356682788349,-0.017936802174862487,-0.050945593410390747,1.3473238193800778,1
416,-1.1461618524836845,0.21564589499872466,0.9467100140566835,-0.4043890363552955,0.88868991300562,-0.11417807257528634,0.2779871229008391,0.14026053544471093,-0.024435705390185358,-0.09132241103255846,0.17409572902212855,0.4517581234968011,0.07655552990698156,0.02307239182940715,0.031152282277212007,-0.009285267132901481,-0.44544307794213356,-0.39872522231166607,0.1594997959307769,-0.012356579527512693,-0.16294165287292614,-0.25411844150039115,-0.1268935378121149,-0.6057586144263304,-0.6796357197658923,0.1864086611113788,-0.15653109657588227,-0.18291597413424207,0.9967307139941891,1
463,-2.0625349677368106,1.1252995806236468,-0.392433642713681,1.971904339944686,0.10582816427516017,-0.9326166488446697,-1.3158078539764753,0.8471200889443402,-1.5541323037432537,-1.594483528326243,2.270335037894391,-1.1534562982335352,-0.1484693247260671,-2.493876317491709,-0.07491750681361253,-0.672341338146071,-1.801090430828868,-0.2434061808023299,0.17426791073689812,0.0729645866677463,0.21394413800622067,-0.10338126502247122,-0.3767063894514954,0.07745768714019682,-0.1206926200354875,0.20503681893520517,-0.0027495490402282274,-0.24786636809227686,0.4352725258953132,1
537,-1.7708515610890132,-0.2611305064873046,1.3447285731437717,-0.43534850197838626,1.1104790583612545,-0.1826513985568019,-0.023976020033283252,0.22041191760073076,0.13867240306158035,-0.09870595357187195,0.9237672109036166,1.086976826191437,0.41593496128545726,-0.24841422782310896,-0.5092404828508739,-0.3019051280683962,-0.2235738722934486,-0.7069971427423938,-0.20017647124151966,0.07908547435529756,-0.10539614864033242,-0.021143240542705,-0.1929380434587475,-0.3137974689657024,-0.32078698496035896,0.3167749918254108,-0.31796896782891493,-0.35738880672767165,1.0615860405707953,1
513,-1.6177147878228468,0.08597619861028792,1.1380206300742002,-0.6051848849187313,0.914108091474358,-0.2555514793550699,0.27089970820017434,0.14055577482306578,0.013691315877404147,-0.0714905775604662,0.8804802544085276,0.9776208913433396,0.35880646524169485,-0.12625745522781232,-0.5331165145200201,-0.05333546651083587,-0.4618849847711215,-0.5090899659257365,-0.07937105752990316,-0.00015341590482934736,-0.17615787335335506,-0.2047021282465182,-0.23433916190227488,-0.3126146655663082,-0.4053457243036863,0.229322857550423,-0.30665089853948674,-0.34262655018396015,0.9993329897858944,1
566,0.7392697539314064,-0.09037161016694828,0.650651771561541,0.7621478979945753,0.09088722083573852,-0.8030693523721923,-0.2564947564904678,-0.05139845601445581,0.16471799595410563,-0.29279372477412935,-0.051208088021421724,0.3947717804205937,0.3421752801325332,-0.3970705574003659,1.0187501871316016,0.08202857442245937,0.2271936730564703,-0.5674046518819149,-0.26503421067342764,0.036756218822856956,-0.17399307581104406,-0.4998693388250508,0.15474064868145573,0.152150039437431,0.1510382246285128,0.21637477376305925,-0.0384878326002797,-0.0011983021908672786,1.3234146117613204,1
567,0.6950059674561462,0.3061447810984119,0.47221414730513955,0.4376135388893053,-0.11770208876008881,-0.921804085681713,0.12710185275054717,-0.14439451050991992,0.016146876726169816,-0.24476997224275854,0.15865808032783812,0.4509861004199909,0.3641983929312006,-0.28447477968244494,0.7506188972590411,0.37309260576443753,-0.09907045381287816,-0.35473696637800783,-0.1864496008158721,-0.05936443331639585,-0.2667029723200519,-0.7026009789453402,0.05450603961468464,0.23408866077880994,0.11667176247618805,0.12179742321109949,-0.08283801124343854,-0.046901504018015516,1.235537244655009,1
488,-0.9920615110001118,0.37092673574086804,1.6973971961473826,0.11642333060910603,0.962774659037557,-0.8529173273655399,0.8308729909058608,-0.13312967040843976,-0.12904782886740013,-0.5346488954258823,-0.3566484530436438,-0.30535587297988065,-1.34151549846201,0.16010090963092494,-0.31356432429419434,-0.6020914512855049,-0.05470395262433897,-0.7628502061950089,-1.1117727863859246,-0.10871234452529563,0.046944188527610925,0.24401017925611088,-0.2582750205859537,0.33622036687428747,0.33380025594748597,-0.3990607980910412,-0.12344542046085105,-0.14611384519240675,1.0,1
530,-1.9663653137321089,-2.1628140647211582,2.3000331034461294,0.905493594067906,2.2607823116623895,0.47858837520580144,-1.7995698098617425,0.703787812561452,0.8367002089902145,-0.2943977174202589,0.08902994263483952,0.9328877225303053,0.32373473840913397,-0.756633560686242,0.5117218258752736,-1.739535869914191,1.2458455168842084,-1.734687186507318,-0.5611522168218036,0.5402287032198125,0.3438613680481186,1.0142650963040678,0.22476565274665672,-0.776212351963666,-0.2344289336904575,0.7799870214664966,-0.15340920047499035,-0.19880242831040176,1.4347250854179419,1
531,-1.9451490768040176,-1.9564522697665248,2.196367929107358,0.7599916884049978,2.1359567890008604,0.4068337312650526,-1.6068906861490673,0.6513341238864877,0.760953500061702,-0.2731621635497209,0.17961172226354538,0.9496087505250961,0.3337398748607768,-0.701483978461487,0.4009317768697357,-1.5835309136296727,1.0863910054441126,-1.6231670751985279,-0.5219808192091446,0.49018759936337675,0.29511004602123425,0.9019074319715583,0.17943840356531204,-0.7260332541552903,-0.24380010503580582,0.7297214210371119,-0.17126645586400538,-0.21601147950288105,1.3942337835244616,1
541,-1.0829107766976842,-1.689937249313366,1.8587475266697506,1.01348097644704,1.6678473361668924,0.12625233155850235,-1.4893248647359734,0.5070901149849484,0.692843498922808,-0.31662796244353597,-0.0550564201436699,0.734728692859258,0.31918414905402737,-0.6953327674789864,0.8003237533155592,-1.2966963534260465,1.075624795423761,-1.4632930714023769,-0.5039702857839264,0.42525115038055283,0.22268402407188545,0.6275974700942824,0.24990922746417588,-0.5190739087700833,-0.09527679757037168,0.6451074838342605,-0.09577299619655295,-0.11416816300188581,1.4408560636837142,1
411,-1.1223372710275186,0.2221972830030865,0.9370443010196937,-0.394244094628406,0.8874056935298993,-0.10703537025462731,0.2783452050506791,0.14024561886993947,-0.026362022152941415,-0.09232438789787294,0.13840659551617585,0.4251896103810602,0.06229517884984248,0.030617082655035516,0.05966120864578428,-0.007059689717112287,-0.44461237258715536,-0.39314919122995706,0.17156842636287162,-0.01297312805041061,-0.16227392100703888,-0.25661513464372515,-0.12146499134064945,-0.6205693204247449,-0.6934938549820384,0.1842404787249145,-0.14894649433500562,-0.17484681085828682,0.9965992374898041,1
569,0.9396668297029303,0.0855430542702158,0.5177896031285956,0.7345071603618774,-0.08254136673213841,-0.9052729182540449,-0.12091238994515274,-0.112819086187394,0.10663659037638562,-0.29017251822960355,-0.050784861842163895,0.3573845018299787,0.3447037647471842,-0.3642687171281113,1.042771966462558,0.2336559456899805,0.13388616973392198,-0.4688779601125266,-0.23875685234168303,-0.005969102256796144,-0.21761824329904456,-0.6238642162474772,0.14427433945862328,0.2259689142127882,0.1781270938912159,0.1692242417813531,-0.03218780959113075,0.011225730102479847,1.3104988094332797,1
547,-1.0343111793182387,0.12607403021263774,0.980184208966784,-0.33997608519127953,0.6201358574956654,-0.47411226649192184,0.22799425359775563,0.05814602831261964,0.02134642340500239,-0.11802478936925773,0.8002489653033567,0.920995746684897,0.41177621644460827,-0.19924396753106485,-0.26438464515090837,0.06204785623941801,-0.35988258700897013,-0.4845226968165988,-0.15386725285210345,-0.015066166388628496,-0.20476848833511763,-0.3397914335581329,-0.1703186743641708,-0.10100740836223007,-0.2043165244887733,0.2060218250006089,-0.26922321309002356,-0.28613463040649917,1.068163576797335,1
530,-1.968042523921516,-2.1791276129896535,2.3082281611878464,0.9169959768694887,2.2706501614236627,0.48426080525843523,-1.8148016999783658,0.7079344414577928,0.8426882243229781,-0.29607645467465915,0.08186916835225502,0.9315658727307731,0.32294380093704694,-0.7609933084380421,0.5204801273453599,-1.7518685518674153,1.2584508970107926,-1.7435032016962917,-0.5642488388774464,0.5441846097060409,0.34771531322829785,1.0231473226911119,0.22834891421014877,-0.7801791673053646,-0.23368811315190632,0.7839606751121724,-0.1519975283299812,-0.19744199874375043,1.4379260500540498,1
499,-1.546036601295614,0.10568658102573193,1.1089405480900205,-0.574663004534566,0.9102444129752425,-0.23406207983757288,0.2719770274041036,0.14051089709747877,0.007895835588048194,-0.07450510626394513,0.7731066003050279,0.8976873637653154,0.31590304194764557,-0.10355864067425224,-0.447345096218406,-0.04663963626369213,-0.45938574030410545,-0.49231402395623136,-0.0430616035807741,-0.0020083521650392762,-0.17414894785255236,-0.2122136321593327,-0.21800693935014473,-0.35717387635905934,-0.4470390486027983,0.22279970490625228,-0.2838320072545895,-0.3183498177059198,0.9989374320539528,1
549,-0.802635036218441,0.15019805924231314,0.9121315993483299,-0.23580261686163567,0.5212879105241949,-0.5340894165252087,0.21447772637198959,0.031011727965638378,0.02064984156478517,-0.13500480670117526,0.7142952106919669,0.858028683489195,0.40540222849842433,-0.2106623160215811,-0.12840489940167588,0.1037184358874672,-0.32494165717131296,-0.4671353381626424,-0.1582323010582474,-0.021000793039947653,-0.21306583414081315,-0.3883969286877463,-0.14019896919309155,-0.05611468003226122,-0.1613138118614432,0.19473830502980566,-0.2442532387997451,-0.25408463418297744,1.090586581101699,1
530,-1.9515963599281945,-2.0191623970428774,2.2278701569220503,0.8042074456147019,2.1738893162652344,0.4286388471547596,-1.6654428632813427,0.6672739808432675,0.7839717421675925,-0.2796153167910853,0.15208533381221673,0.9445274912058732,0.33069947011707057,-0.7182430753733566,0.4345991428451964,-1.6309383839247178,1.1348467416882917,-1.6570562957084807,-0.5338843953067575,0.5053943094648088,0.3099248115638022,0.9360511717675528,0.19321264683487638,-0.7412818984640276,-0.24095235238893387,0.7449963521416896,-0.1658399147811579,-0.21078191755405765,1.4065384579235363,1
498,-1.9129410079231643,0.6300157706957552,0.3369391591862354,0.7580966647024209,0.4820819682849336,-0.6366965888584201,-0.5839413182536346,0.5208797256914482,-0.8256342792133619,-0.8888527375733711,1.7121407180463324,-0.10713130745254418,0.11918681924714547,-1.4182388032162663,-0.3532912607314667,-0.39171238665043445,-1.1846219503028617,-0.3791558749095511,0.028870020361992293,0.04064474711772213,0.03223961765023761,-0.1443199268004661,-0.32368190689966986,-0.06797178713603072,-0.21967347472975388,0.22133096129398389,-0.16085272544671342,-0.31052809813545235,0.6960508118223089,1
430,-2.2059792179292415,1.6002225978100404,-1.0918224068697997,3.135813177372637,-0.25495809250596757,-1.216371629156078,-2.0175878361928317,1.1599489247316557,-2.252682252053567,-2.2711062998494325,2.805582355179288,-2.1567675545646896,-0.4051223000832481,-3.525295078692362,0.19201248456934383,-0.9414338174127879,-2.392216296248025,-0.1132370676287785,0.31368858915447073,0.10395577880122694,0.38817890464725757,-0.06412556479271958,-0.42755107028595796,0.21690865106561283,-0.025780803390536178,0.1894125180871269,0.14885410942915006,-0.18778062069311013,0.18521466434886757,1
532,-1.9007422997925751,-1.5245254279193752,1.979390889478859,0.4554480173754938,1.8746899503548473,0.2566472262871917,-1.2036024446730336,0.541545603692662,0.6024113785658112,-0.22871495509142603,0.36920448100322667,0.9846068024455861,0.3546811881051102,-0.5860528014610893,0.16904197388768194,-1.2570037669972836,0.7526437458811602,-1.3897492107598235,-0.4399928811545532,0.38544875486937935,0.19307078742894143,0.666736521953394,0.0845659219956443,-0.6210055805596244,-0.2634144936608643,0.6245126925910942,-0.20864269561773927,-0.25203099142071245,1.3094832115836852,1
557,-0.16926434636911636,0.21614983444036961,0.7260851306727869,0.04899330824801762,0.2510512278609278,-0.698058690113364,0.1775254012045991,-0.043169714712916335,0.01874548268358245,-0.18142583714166122,0.47930947532471146,0.6858853988141378,0.3879766226999595,-0.241878509297308,0.24334501070291092,0.217640065559699,-0.22941796388485858,-0.4196006926097331,-0.1701657420960672,-0.03722524552716399,-0.23574963561711781,-0.5212776628402049,-0.05785584060411528,0.06661586067482597,-0.04375031396415746,0.16389071437064245,-0.17598876568590816,-0.16646435552089753,1.1518879888113036,1
530,-1.614799068964787,0.10549925923231697,1.2716782959691721,-0.5284660615626895,0.9276125059178645,-0.38483085554605007,0.3622354383621326,0.0952381554385914,-0.0018245571356116617,-0.14404810389166928,0.826384638198653,0.8773244198914724,0.1372201572891369,-0.11070463293386512,-0.6173620765748675,-0.15374531024632898,-0.3978844250560853,-0.5747647068405983,-0.30163187906355293,-0.015544709498422033,-0.14199038864878927,-0.11973351204940408,-0.2612817560123255,-0.14234987494505044,-0.224137454164554,0.1343041391389822,-0.308371125148959,-0.34419092959375247,1.0,1
533,-1.7627292054102484,0.1326863735903352,1.0693243665419683,-0.46072419564036793,0.8598897499163272,-0.33955434016309594,0.15094792237319776,0.19329194689521462,-0.09412746217307064,-0.18030759898860987,1.1516409823531313,0.9435151429476915,0.3879484182445754,-0.3381587647501168,-0.6328147348100862,-0.10992440073187537,-0.5656073739953318,-0.5154662330805937,-0.11712838239435773,0.008191422385993921,-0.1502153662369342,-0.1854276706278226,-0.27043842627153153,-0.21400190423936272,-0.31906313335244435,0.23769240060051217,-0.31960888873445903,-0.3734486293526794,0.9579061463165649,1
534,-1.8554848656358753,-1.08432458649439,1.7582574331604208,0.14507050144124944,1.6084182787065253,0.10358374549215482,-0.7925888052443071,0.4296539723195214,0.44083222088870866,-0.18341631498223593,0.5624290825778293,1.0202752777775428,0.3760236535820808,-0.4684104224300746,-0.0672899149896885,-0.9242216595436723,0.4125032168633198,-1.1518599888487149,-0.35643438045108766,0.2787035308889387,0.08907686267396067,0.42706067308519624,-0.012123938806808954,-0.5139659946612286,-0.28340461592291827,0.5172885835518624,-0.2467349153986022,-0.2887404938589928,1.2231091559217755,1
515,-1.678161226974444,-1.62559379091573,2.248895248106905,0.8522478554234246,2.012399527972775,0.14475892196918105,-1.2115770034914537,0.5042823775453755,0.6278514745527356,-0.4026262634984961,-0.18361060885486744,0.5052737584884828,-0.2338159455283228,-0.5348626599709796,0.39791916162458807,-1.5873347415000258,1.04525359984787,-1.5740784123635643,-0.7958615141847412,0.39868750708444345,0.3154025441141125,0.9206244767723869,0.1307524544817454,-0.4835908532180639,-0.03581323888577151,0.46574519098155903,-0.11855735599377458,-0.1574437844442138,1.3496912309192288,1
478,-2.1282139439431904,-0.6739271998036467,0.7973283060896075,2.31054650611601,1.2397693292043153,-0.23340192088353895,-2.2851531916541754,1.0354453245815403,-0.5684391487575783,-1.3294753896811378,1.2778085774222872,-0.6528291001712501,-0.062166223967428325,-2.2559843242812803,0.5672066801412318,-1.6427771935216668,-0.2717540683901223,-1.1372461678257428,-0.19783153552575505,0.41857544704803773,0.4612713059751285,0.6914400301450546,-0.014685635697236743,-0.3749156394437738,-0.11126028081528008,0.5812085403795899,0.03337694917947562,-0.15968054191299602,0.8856435859402696,1
491,-1.0458700989215244,0.3479920700477492,1.660612305663315,0.0607006796874624,0.9597364196003357,-0.8124716022738288,0.7903796488441712,-0.11339720031995854,-0.11805490814971631,-0.5008984386489774,-0.2544266755229396,-0.20316457954018086,-1.213743090121855,0.13670154394254624,-0.3398144321523901,-0.5633514195646285,-0.08435698444742201,-0.746598391928607,-1.0417713264083628,-0.10066205300737503,0.030619008397768932,0.2125803511621673,-0.25853482214357154,0.294868775655554,0.2855907976527956,-0.3529745876929711,-0.13942420785270399,-0.16322899759474743,1.0,1
538,-1.7413792054160664,0.025535231589827508,1.2007229750084605,-0.6374712407714677,0.9370787417353138,-0.2823287539037963,0.24368255127974406,0.14754632064184414,0.0334495044786363,-0.06920676393208057,1.0495981221888746,1.1102047004817768,0.4298335117710408,-0.17180365319334084,-0.6631435402300568,-0.08519216554147284,-0.44507875512194145,-0.5520799255035812,-0.14576185631430258,0.009571299144943292,-0.17311863435599067,-0.17722393746425644,-0.25590400740780506,-0.24409160062682236,-0.3338048681928252,0.24694895910386216,-0.34277522277183786,-0.3812946143059773,1.0053378918010567,1
402,-1.0803618289369235,0.2337398743512733,0.9200147226157684,-0.376370185080278,0.8851430858809923,-0.09445096921560753,0.2789760936382474,0.14021933803803227,-0.029755911689761966,-0.09408972518043997,0.07552754097753045,0.37837976040426713,0.037170517537667036,0.04390972888369152,0.10988978412152917,-0.003138546501795937,-0.44314879075733865,-0.38332503670299223,0.19283159519323467,-0.014059396737504212,-0.16109747472527886,-0.2610139442785899,-0.11190068321341759,-0.6466636269753596,-0.7179098705716189,0.1804204571907554,-0.13558353000642456,-0.16063012057003995,0.9963675950407545,1
447,-2.207755049824931,0.46115007310647727,-0.24319655344137248,3.039922694539891,0.4781474336206606,-0.749148920620927,-2.3941836635242284,1.1894211426297097,-1.5201222824907044,-1.9531373057267976,2.109572036108101,-1.6241489657902723,-0.29258434155630525,-3.134883393857943,0.49048824206995467,-1.4257701902891458,-1.3776030217642878,-0.6529329138346354,0.06791579650368218,0.2925006674557579,0.48546098127672976,0.3774084321480574,-0.20942932242284168,-0.07444641066602486,-0.04392320887714615,0.4068487618328282,0.13183174562674493,-0.15258947661822492,0.5028161546303147,1
563,0.5306116365271336,-0.27353806887871235,0.7889909655479592,0.7909280798205804,0.2714651182260832,-0.6966526116747151,-0.3976662843066514,0.01255413916353465,0.22519371246535014,-0.2955229862706,-0.05164876100759257,0.43370028841180314,0.33954256287581897,-0.4312245998795469,0.9937381492433197,-0.07584938718867207,0.32434762556809904,-0.6699929453463891,-0.29239481011705704,0.08124282137257488,-0.128569532156792,-0.37076297541566294,0.16563841438087681,0.07528810230473115,0.1228326610432916,0.2654690092953662,-0.045047563752202105,-0.014134494891879068,1.336862846912253,1
506,-1.2659607043752867,0.2541835414602618,1.5101528877352137,-0.1672189229741945,0.947309259121266,-0.6470384536386682,0.6247517348721521,-0.032686454012790134,-0.07309110831921661,-0.3628506148105439,0.1636860045189522,0.2148234129731188,-0.691121928738816,0.040992275951518525,-0.447183949824453,-0.404894984149555,-0.2056453136824089,-0.6801243999547141,-0.7554478173876406,-0.06773434383117188,-0.036155068338202256,0.08402448003232857,-0.25959747560322843,0.12573040761103935,0.08840203514200723,-0.1644704410241383,-0.20478145150730637,-0.23323425883977594,1.0,1
509,-1.301797924441168,0.23890875553237018,1.485653671786596,-0.20433093391656953,0.9452857521025804,-0.6201010741825723,0.5977826418941464,-0.019544372045556174,-0.06576968000926373,-0.34037237121484776,0.231767039127876,0.282884144787235,-0.6060238413717698,0.02540799377705999,-0.4646668633965618,-0.3790936186841033,-0.22539461891629553,-0.6693004800781045,-0.7088259337245207,-0.0623727448770501,-0.04702785083498068,0.06309180535072365,-0.2597705068228435,0.09818970952127612,0.05629390830011671,-0.13377642492302264,-0.2154235319310501,-0.24463317315433827,1.0,1
401,-1.2774983768551373,-1.4333944715740379,1.7645809161034676,0.7826822041471494,1.890592787981265,0.4747600340421761,-1.271217907480854,0.5621420992535273,0.5816469123545818,-0.2637819536091833,-0.6133826323126189,0.27342201197668015,-0.027451593944328945,-0.40806804434044647,0.9693254590171234,-1.2604235193325815,0.8384846751707383,-1.2865251561750066,-0.13565645862734182,0.38912680596145,0.23028675745403132,0.6454996509936924,0.24664975051820512,-1.0338092865249808,-0.627127665298739,0.5871373282919072,-0.00038222601110947385,-0.03118127109059171,1.32220163331773,1
209,-0.14728142223936724,0.49032242102855794,0.541460855125169,0.020952486458167052,0.8348471328167565,0.18529017119193092,0.2930002408669653,0.1396351362261395,-0.10519935365442967,-0.13333175689081123,-1.3222234024204509,-0.6621656556399296,-0.5213305494601609,0.33939459173162795,1.226430725646182,0.08402532179457838,-0.41061454070577014,-0.16494196210200168,0.6654947818511104,-0.038206278291449985,-0.13494601757866262,-0.35879595391713376,0.10070621435962152,-1.22671912981409,-1.2606583116026693,0.09550444275084552,0.16146444779655356,0.1553955004923927,0.991218369212445,1
188,-0.04697618653883828,0.5179047951051889,0.5007666827564857,0.06366428699728777,0.8294403668074407,0.21536207155797082,0.29450782304656997,0.13957233509987219,-0.11330945024847167,-0.13755023711161846,-1.472480268625997,-0.7740232752665399,-0.5813688706617466,0.3711589269391377,1.3464577903075259,0.09339535281364318,-0.4071171404856621,-0.14146599410007282,0.7163056144485725,-0.040802044560161656,-0.132134761384475,-0.3693074247975256,0.12356124895208431,-1.2890745318930523,-1.3190032408423638,0.08637605383387031,0.1933968163405979,0.18936794721889239,0.9906648324468281,1
278,-0.47744711662023875,0.39953200888224755,0.6754101907059666,-0.1196380937320719,0.8526440966676797,0.08630520997466123,0.288037868626981,0.13984185302728294,-0.0785040804240045,-0.11944616615761032,-0.827636432759542,-0.29397402139589124,-0.32370782447932733,0.2348387954455231,0.8313484662641679,0.05318283609406857,-0.4221266174596428,-0.24221568787002828,0.49824534856432123,-0.029662028666052675,-0.144199575949311,-0.32419629361076174,0.025476359072221733,-1.021469478766309,-1.0686095721576065,0.1255515369459083,0.056355551337276044,0.04357146274465262,0.9930403962413319,1
206,-0.13331517825687222,0.4941629201139775,0.5357947028451066,0.026899568114422845,0.834094308572688,0.1894773055383704,0.2932101527464098,0.1396263919582486,-0.10632858272171547,-0.13391912726672084,-1.34314478343128,-0.6777404239568154,-0.5296901314535097,0.34381737636845716,1.2431429865551527,0.08532998090256864,-0.4101275716613596,-0.16167322847558285,0.6725695519770544,-0.03856770613494357,-0.1345545854701479,-0.36025954418642686,0.10388849080927465,-1.235401336211186,-1.2687821100386336,0.094233429269932,0.16591062896456932,0.1601257369187462,0.9911412961716621,1
506,-1.2602378222086514,0.25662278757994417,1.5140651924784707,-0.16129246815432696,0.947632395017689,-0.6513401111953029,0.6290584567933957,-0.03478512646518686,-0.07426027466170362,-0.36644018842073495,0.1528140747729161,0.20395472540106052,-0.704711328968866,0.043480945841986196,-0.44439208555265075,-0.4090152304751804,-0.20249152701819018,-0.6818528827421921,-0.7628929134665252,-0.06859054302806236,-0.03441878262915088,0.08736724016872063,-0.25956984407156425,0.13012840973466525,0.09352941461423542,-0.16937199971213293,-0.20308200684723002,-0.23141395460496392,1.0,1
569,0.9198862120707121,0.06817902488139005,0.5309040447512656,0.7372354978891585,-0.06542273082406247,-0.8951846989046615,-0.13429533448153808,-0.10675643285024672,0.11236963848026382,-0.290431249971036,-0.050826637278215604,0.36107489231727974,0.34445418532014516,-0.36750649221819454,1.040400845876283,0.21868924499300646,0.14309628439420052,-0.4786032458181906,-0.24135061462860202,-0.0017518089842440965,-0.21331212878165784,-0.6116250393572757,0.14530743866908005,0.21868246589336915,0.17545322969977634,0.1738783348647729,-0.03280966670026457,0.009999389691578736,1.3117736910466,1
504,-1.2319124611396268,0.26869581740380344,1.5334291145789265,-0.13195952581092296,0.9492317536405008,-0.6726311320374488,0.6503745436690458,-0.04517248955407294,-0.0800470544409152,-0.38420675527148695,0.09900354249096321,0.1501602402341624,-0.7719719604163888,0.05579859823750136,-0.43057377490918647,-0.42940835783102066,-0.18688188428965707,-0.6904079949446325,-0.7997423589884786,-0.07282829433811425,-0.02582504992666848,0.10391220563777473,-0.2594330820190724,0.15189628726678003,0.11890733969811945,-0.19363222656913445,-0.19467061863201715,-0.22240437285835266,1.0,1
193,-0.0680866486515137,0.5120997475535257,0.5093312684233856,0.05467506683596679,0.8305782867594215,0.20903307278836736,0.29419053396128925,0.13958555236403034,-0.11160258135291551,-0.13666240641910804,-1.440856875698914,-0.7504814728406755,-0.5687330725781973,0.36447373458353155,1.3211966283818024,0.09142331532785201,-0.40785321108381,-0.1464067983322938,0.7056118540583902,-0.04025573384082291,-0.13272642459090628,-0.36709515734987697,0.11875112774077928,-1.275951075834999,-1.3067238377825012,0.08829723478754364,0.1866762593167388,0.18221803082134913,0.9907813310207751,1
389,-1.2068886076792251,-1.3296783554548974,1.695973136679907,0.7477838985331353,1.8347922459645252,0.46309031762801883,-1.189290602928581,0.540052544785822,0.5448159126824034,-0.25744926092367026,-0.6677155357736679,0.21165557438889337,-0.06017090414605414,-0.36534777984378325,0.9965708095671517,-1.1890779745822906,0.7736028302387157,-1.22520495951711,-0.08793907698850845,0.3664936255447033,0.21152126633449955,0.5918009083394186,0.24165122084983212,-1.0510649972541968,-0.6669510668874954,0.5603920146731383,0.011750145690176322,-0.017521692951477236,1.3048391122056224,1
538,-1.7440996913652693,-0.0009258399719734786,1.2140156079652917,-0.6188140259562397,0.9530846942354462,-0.27312789979887286,0.21897596214512707,0.1542722788552518,0.043162247508269816,-0.07192972682715676,1.03798312846643,1.108060619895279,0.428550587130408,-0.17887529667353777,-0.648937308811516,-0.1051961508389829,-0.42463244509156023,-0.5663797703298517,-0.1507846714901068,0.015987899807230428,-0.16686741803385416,-0.162816696060522,-0.2500918483085356,-0.2505258957845377,-0.33260323474298203,0.2533943461986548,-0.34048544760851385,-0.3790879561635871,1.0105299538165544,1
493,-1.0732956711120996,0.33630255441593243,1.6418635016440268,0.032299533243446255,0.9581878665117569,-0.7918569161028602,0.7697406928921495,-0.10333980420875796,-0.11245195233217231,-0.483696247984696,-0.20232549897956909,-0.1510789403561157,-1.1486190728550483,0.12477517646682734,-0.3531937876769539,-0.5436061042224419,-0.09947076825682322,-0.7383150430690905,-1.0060924474743125,-0.09655891892211785,0.02229826586445749,0.1965609562546715,-0.25866723978634776,0.2737923807161279,0.2610190326278412,-0.32948501587762635,-0.14756839828886903,-0.17195237923131143,1.0,1
324,-0.7003134157031226,0.3382472555246916,0.7658277997839896,-0.21453863254083466,0.8646572874257469,0.019489025413986394,0.2846882004009383,0.13998138965756635,-0.06048441075775488,-0.11007320503549514,-0.49378355410222685,-0.045439699769526554,-0.1903098183244375,0.16426222203851282,0.5646626097978071,0.03236374204652047,-0.42989742461665176,-0.29437649552316747,0.3853497241711411,-0.023894544869701786,-0.15044585272037617,-0.3008410560035779,-0.025304808425763686,-0.8829231945957192,-0.9389740814567472,0.14583373099397778,-0.014594372150360468,-0.03191127172925168,0.994270289072925,1
536,-1.7029505433295813,0.06792673274519158,1.211415753208267,-0.6197532338154098,0.9226351352748089,-0.31857098075069795,0.2958975554593293,0.1275647114467008,0.01618450435944941,-0.08875669706801073,0.9938486202269606,1.0447384616260649,0.3465422490484532,-0.14903845034687943,-0.6603660987825195,-0.09027977351598904,-0.4464632593196533,-0.5481403064608956,-0.18695256590776899,-0.002356385965243032,-0.16873498004780912,-0.17122316811619387,-0.26170737376649755,-0.21009377743484337,-0.30311620070240675,0.2098044923615824,-0.3345482415083515,-0.37222968653805233,1.0,1
571,1.0386924146295173,0.3419322459525073,0.3712596022764446,0.5921525809369809,-0.26434083736171865,-1.0107788645722833,0.10705038280551885,-0.18464764645224258,0.015113512933823629,-0.269959453350596,0.031147581627611443,0.35757585131484326,0.3547427224325503,-0.3014136477626274,0.9523418501655929,0.4349099913582739,-0.0472363552468229,-0.3289432034054722,-0.19292505353032735,-0.0681683210270682,-0.27901190177119506,-0.7747061586616801,0.09918795775115186,0.30068603285695295,0.18046533795598219,0.10505857026539656,-0.045795605258030336,0.0006439583097011536,1.268801276856203,1
548,-0.5732549141944041,-1.24254579070288,1.5208484690809525,0.9431842222444955,1.2267785429255889,-0.1336748471185638,-1.1445077176001985,0.35088332341492895,0.5451291236448728,-0.3099616312253466,-0.05398005861197998,0.6396442429320806,0.3256146670750362,-0.611910142017571,0.8614166640611249,-0.911073068331012,0.8383223502618413,-1.2127170294117589,-0.437140918771895,0.31659083045449526,0.11173518773109908,0.31224997335353866,0.2232909954682642,-0.33133552911652986,-0.02638357158307228,0.5251928346204038,-0.07975058844356231,-0.08257099088818878,1.4080082072463056,1
514,-1.3825253447131658,0.2045005603403643,1.4304663972551817,-0.2879299658441714,0.9407275720534453,-0.5594215586291647,0.5370316880202772,0.010059664547337782,-0.04927732878664285,-0.2897375671092215,0.3851273244213077,0.4361986957227527,-0.4143307063966306,-0.009697376963810372,-0.5040491176261057,-0.32097310404340607,-0.26988217851955276,-0.6449183676468621,-0.6038048302620883,-0.05029513251471823,-0.07152003188389797,0.01593857127362658,-0.2601602793543169,0.03615115002393357,-0.016033304718831576,-0.06463465742333666,-0.2393960302821116,-0.27031052605237316,1.0,1
485,-0.9429737678489364,0.3918492505715143,1.730954799602118,0.16725720828192547,0.9655463414564286,-0.8898145856203863,0.8678136885015675,-0.15113093118964238,-0.13907629624623208,-0.5654382882997337,-0.44990190111259265,-0.3985815114593876,-1.4580779173005967,0.1814473544491595,-0.2896172444318553,-0.6374326635388377,-0.027652501062163937,-0.7776761831490013,-1.1756327355190337,-0.11605635145037825,0.061837094661493286,0.2726825415751961,-0.2580380124684159,0.3739440159617191,0.3777801037309536,-0.4411036790924072,-0.10886851663085134,-0.13050027424446903,1.0,1
563,0.33752017007569246,0.26892041419418644,0.5772221169983948,0.2768696017128809,0.03482435038774834,-0.8292568815657473,0.14795840901251905,-0.1025251714139093,0.017221731095113317,-0.21856910859656226,0.2912882514536598,0.5481468632591949,0.37403371793682033,-0.2668557993235491,0.540796568613765,0.3087931911010484,-0.15298574261690812,-0.3815663744024328,-0.1797141522811246,-0.050207060821256214,-0.2538998271977132,-0.6276007050673488,0.008030098346492653,0.1648173384540513,0.05031681195164678,0.1392083576303733,-0.12136770640451713,-0.0963559636041747,1.2009376287163152,1
565,0.5636530419151262,0.2924672321437085,0.5107977892998803,0.378550531167534,-0.06165848045108302,-0.8877989696733233,0.1347652891773804,-0.1290102344882435,0.01654181623684643,-0.23514284826511261,0.20739109607291428,0.4866864010759757,0.3678122391947488,-0.2780009431492197,0.6735227527035279,0.34946672667077733,-0.1188808377992982,-0.3645950397906178,-0.18397475880437675,-0.05599969078307128,-0.2619986439795454,-0.6750432257074753,0.03742913502831119,0.2086359269635741,0.09229060680680007,0.1281948163079238,-0.0969951839666536,-0.06507282157886057,1.2228241220374232,1
479,-2.1266155984105457,-0.6967361068241231,0.8182372215792895,2.295889994121846,1.2550738053097954,-0.22303819883231668,-2.2829622695428493,1.032351244380059,-0.5493154709002791,-1.3169431621449212,1.261094635697813,-0.6333108303311312,-0.05753606746148088,-2.2383232120056715,0.56874830533494,-1.6471378592469461,-0.24953249232813746,-1.1469782417934877,-0.20317161794292726,0.42110886745383513,0.46078522448272474,0.697750364860718,-0.010772342083348263,-0.38095344397503295,-0.11261339134750872,0.5847122278129466,0.0313985408794589,-0.15982303392904165,0.8933363443929604,1
542,-1.4585333106512999,0.08190052631024802,1.104795326489927,-0.5307280986349858,0.8011363100285407,-0.3642881211225667,0.2527443634330433,0.10783163931862334,0.02262193424936914,-0.08693268361231994,0.9576388652276466,1.036294721345217,0.42344762427902055,-0.17833583228615169,-0.5133771257233178,-0.014255132387963575,-0.42386291544574317,-0.516360685172855,-0.14587441410485158,-0.0041992729182718765,-0.18957522037492316,-0.25078992281776663,-0.22547085944390333,-0.1832104726859131,-0.28305878150230973,0.22668307577467484,-0.31494572716084296,-0.3448213709799648,1.0271048188708007,1
535,-1.8261326585923434,-0.7988274857638065,1.6148388961828948,-0.05622825265549336,1.4357248553677684,0.004312740345379762,-0.5260213856142761,0.3570854232689613,0.33603827977316525,-0.15403738336468753,0.6877470246353572,1.0434084600354177,0.38986554447077876,-0.39211216269099897,-0.22056556268326455,-0.7083921610232564,0.1919013330477275,-0.9975743156754856,-0.3022415951419775,0.20947274099630764,0.02163045817588799,0.27161626333462396,-0.07483321223705575,-0.444544293106844,-0.2963694297351583,0.44774720748355396,-0.2714400437955042,-0.31254884570462943,1.1670903114552562,1
509,-1.3109500000660148,0.23500789503849207,1.4793970850117566,-0.21380856443898072,0.9447689907793423,-0.6132218314995692,0.5908953002416832,-0.016188159487468518,-0.06389994051910788,-0.33463189846268243,0.24915350984779372,0.3002654305984702,-0.5842915716901012,0.021428094422216132,-0.4691316334557477,-0.3725044901878073,-0.23043817795090926,-0.6665362775789736,-0.696919680832324,-0.061003504768358204,-0.04980453182418956,0.05774603853722132,-0.2598146953733077,0.091156391891861,0.048094165002814326,-0.12593781589946382,-0.21814129644137642,-0.24754421719336367,1.0,1
500,-1.8401533733535633,-2.2598578863808516,2.3112830274665113,1.0607698717917649,2.335240237469735,0.567750342958031,-1.9240568530542685,0.7381630427679339,0.8751352813641852,-0.3142441095173271,-0.18043008249668344,0.7656087891079681,0.23327271632948027,-0.7484851077484621,0.7522204776917605,-1.8289415544453134,1.3554966220883085,-1.775156055815474,-0.5158931243502328,0.5694796409410772,0.3798198527095431,1.0733988809832096,0.2864806085691493,-0.8963068987783717,-0.3097942970837204,0.8002577578889394,-0.09705921046772051,-0.14002782277504772,1.4605551411899722,1
194,-0.07359611968545998,0.5105847290207307,0.5115664794006576,0.0523290334885097,0.8308752644845383,0.20738131191222453,0.29410772691446047,0.1395890018448441,-0.11115711764451264,-0.13643069773090752,-1.4326037087906323,-0.7443374633983473,-0.5654353445057118,0.3627290132485373,1.3146038953961026,0.0909086471340516,-0.4080453129723328,-0.14769626407949205,0.7028209647448732,-0.0401131560484626,-0.13288083860990246,-0.3665177932279024,0.11749576803609785,-1.2725260773375147,-1.3035191227406717,0.08879863029270776,0.1849223084057019,0.18035202442711917,0.9908117351642387,1
431,-2.248639187316205,1.0445799207864117,-0.7780264498650089,3.414822138542071,0.08667369246219536,-1.0142429372835207,-2.4502253384954207,1.268564730660434,-2.0092875217258706,-2.2736996016746494,2.537098548697543,-2.123407487453468,-0.4110192802657338,-3.5866376158189626,0.45105495615505664,-1.3142285658878141,-1.9460095098705743,-0.40399584606922434,0.20450995546325468,0.2276982163722101,0.4978944771394892,0.21599615497652636,-0.30952759960149595,0.079994807180639,-0.009311946224203393,0.31722781578196046,0.18243752222494974,-0.14894466824829788,0.3060428112928759,1
529,-1.9852899238322883,-2.3468861281283475,2.3925011038732364,1.035279420029236,2.372125070273496,0.5425925934872207,-1.971437106737495,0.7505758273189393,0.9042652978277109,-0.3133395579843215,0.00823216179068309,0.917972780905732,0.3148102855484228,-0.8058262777702683,0.6105451227452987,-1.8786902817633055,1.3880768875059668,-1.8341616895495174,-0.5960925990116888,0.5848647233903707,0.3873469194375595,1.1144866858567468,0.2651969752558265,-0.820971460962158,-0.22606996953985098,0.8248232896888785,-0.13748075864801473,-0.18345217627864363,1.470842805227536,1
516,-1.4131156301368422,0.1914621589113255,1.4095541164714944,-0.3196083997541356,0.9390003271068614,-0.536428086350539,0.5140111454029022,0.021277611634192936,-0.04302783227718369,-0.2705503677072813,0.44324060097561657,0.49429464201855033,-0.3416918472222481,-0.022999961231323585,-0.5189723542841143,-0.29894932171715966,-0.2867399839774897,-0.6356791800698178,-0.5640088660209315,-0.04571852634849332,-0.08080092809500387,-0.0019293462717104304,-0.2603079770380519,0.012642691114888888,-0.043440474212096514,-0.0384345584311169,-0.24848000155738292,-0.2800405230153482,1.0,1
429,-2.2514748780636986,1.0850461436884045,-0.8151218194101086,3.4408248611095797,0.05952139003373613,-1.0326296441188179,-2.4541123437972634,1.274054065988838,-2.0432156275392983,-2.2959335435502397,2.5667514422266495,-2.1580356551820854,-0.41923383193506963,-3.6179709236973414,0.4483198953008069,-1.3064921289300142,-1.9854337246893992,-0.3867297721567873,0.21398401597892547,0.22320357071674662,0.49875685436793266,0.20480072983138586,-0.31647033524062124,0.09070672528268786,-0.006911337007854623,0.3110117793655798,0.18594749800711924,-0.1486918672842762,0.2923947711654682,1
531,-1.9234875001027951,-1.7457588341321866,2.0905267692072416,0.6114356225779828,2.0085111141355534,0.3335729202805454,-1.410167128094332,0.5977794051893967,0.6836168285830935,-0.2514808644334512,0.2720948602399338,0.966680761535346,0.34395502429505265,-0.6451767780163344,0.2878161875029872,-1.4242513327227715,0.9235894614369266,-1.5093060991436418,-0.48198719372520166,0.4390961068864624,0.2453354085607569,0.787191322222317,0.13315971200823012,-0.6748008711620991,-0.2533679821087086,0.6784007196882108,-0.18949854426844334,-0.23358175756984478,1.3528925482869991,1
535,-1.8325118235654783,-0.860875055209301,1.6460082902331756,-0.012479652784786577,1.4732566101560716,0.02588747637599592,-0.5839549353388629,0.37285686919696215,0.3588133248513628,-0.1604223564348501,0.6605114635992448,1.0383808862738357,0.38685726283157595,-0.40869419297297427,-0.18725390603164405,-0.7552987522410397,0.23984511486137117,-1.0311054828788073,-0.3140194051488291,0.22451878606169381,0.03628869973502824,0.30539926072489954,-0.061204499412712415,-0.4596318293276931,-0.2935517647455513,0.46286075276962485,-0.2660708363116314,-0.30737453619064614,1.1792649819979626,1
531,-1.63433609541191,0.09717205371529439,1.2583222982371491,-0.5486980532728216,0.9265093704049168,-0.37014566808222205,0.34753296194801364,0.10240269561475732,0.002166794265510072,-0.13179385987367176,0.8634997093804255,0.9144284227973469,0.18361224854044425,-0.11920056348992103,-0.6268930654239786,-0.13967943240916042,-0.40865096046138266,-0.5688639363985242,-0.2762154831358947,-0.012621779082140381,-0.147917797047177,-0.1311451733923241,-0.2613760857484932,-0.1573639677224138,-0.24164152736343492,0.15103729542826771,-0.31417276395656935,-0.3504051641248542,1.0,1
504,-1.4230317887557575,-0.93722408055477,2.0761847762937093,0.624499070871029,1.6566095515987704,-0.2109460379555096,-0.5004842163769578,0.2794937783534963,0.36595480870676755,-0.46118089960089226,-0.28380566886043496,0.18822102586100664,-0.6622587270252129,-0.2890156501170683,0.16653113655780505,-1.2678811358846418,0.6831064217216347,-1.3047200200841806,-0.9316236636109234,0.22284538873594512,0.23069115736432316,0.7031914907553469,-0.001466001204549927,-0.1880184443627848,0.10940254292365542,0.152953632729399,-0.11375821821579299,-0.14666872518510146,1.2307475135501975,1
538,-1.7576370895532785,-0.13259866199793313,1.2801610204627936,-0.5259739412254303,1.032731844200013,-0.22734357008210815,0.09603361242232866,0.18774128999184347,0.09149378545592546,-0.08547945053465184,0.9801858091977766,1.0973914699020197,0.42216663145861216,-0.21406447074852875,-0.5782457430196959,-0.2047378942539153,-0.32288965151533744,-0.6375371653888826,-0.17577868003463248,0.04791751819187173,-0.1357607679381453,-0.09112488536387886,-0.22116998893193146,-0.28254356367019473,-0.32662379180877954,0.285467208623705,-0.32909130747115556,-0.368107414269187,1.0363661508170299,1
571,1.053024302079447,0.18505170048067976,0.44263421710293827,0.7188717817486814,-0.18064372800081285,-0.9630858272080782,-0.04421828494770175,-0.1475625442012981,0.07378201251881178,-0.2886897952541296,-0.05054545790006777,0.33623585291006775,0.3461340382367362,-0.3457138869827835,1.0563602295470367,0.3194261371152203,0.08110544581524226,-0.4131449275939698,-0.22389268873175755,-0.030137291265634025,-0.24229544330010688,-0.6940036922758972,0.13835392193734172,0.26772561662971117,0.19345030026703613,0.14255286892784835,-0.02862411146089834,0.018253561681737696,1.3031928010996516,1
485,-0.971094791544888,0.282155940988595,1.7702449656505206,0.22106423979987155,1.0263621968330399,-0.8410427943462162,0.7591475265948948,-0.11869737212807452,-0.09796967436488557,-0.5649047450248339,-0.46129147712480845,-0.3734070674770187,-1.4212034630709471,0.14647842764361385,-0.243350255293181,-0.7020001294511478,0.04159790207181091,-0.8275778140328833,-1.1721131131035003,-0.0886418292992418,0.08063317101602574,0.31803009393172954,-0.235678141739676,0.33555934363806095,0.3666381831414154,-0.4011262044559135,-0.10525701219376135,-0.12758175521279136,1.020050281430783,1
242,-0.30716914484813107,0.44635579312069606,0.606327843354009,-0.04713062474759977,0.8434655812743121,0.13735520916862332,0.29059713718390134,0.13973524195826825,-0.0922717645260824,-0.12660744992254166,-1.0827121946938556,-0.48386329750647694,-0.4256287610227666,0.2887618687133286,1.0351061762735718,0.06908938240967304,-0.416189437692344,-0.2023629305454746,0.5845017185167255,-0.034068596402459926,-0.13942719293724934,-0.3420405460005226,0.06427502105637778,-1.1273238872713673,-1.1676558098214485,0.11005520178978317,0.11056387766824799,0.10124302180459344,0.9921007133115999,1
564,0.5348349715324145,-0.26983069661592163,0.7861909174701114,0.7903455558772218,0.2678101396193746,-0.6988065348085313,-0.39480890850650496,0.011259709609325319,0.22396965651349598,-0.2954677447791114,-0.051639841586332905,0.43291235774057935,0.3395958502680738,-0.4305333065573959,0.9942444042430345,-0.07265386558553777,0.3223811854715042,-0.6679165117222847,-0.29184101916546,0.08034239234469176,-0.12948892529790434,-0.3733761468118897,0.16541783865667173,0.07684382279959834,0.12340355445264001,0.26447531968453075,-0.044914791816253546,-0.013872660479928578,1.3365906485287022,1
494,-2.089136821992313,-1.2315703520515457,1.3085195496368667,1.9522170367535696,1.6139405374652336,0.01997535091981084,-2.2315884718983017,0.9597997605344404,-0.10089425529364171,-1.0230814506068207,0.869178074375559,-0.17563703172633338,0.051034073927587686,-1.8241969390842168,0.6048970759077847,-1.7493888509220479,0.2715297335034583,-1.3751806028432108,-0.3283884442676838,0.4805137301840836,0.44938735136783176,0.8457181347216023,0.0809884526999525,-0.5225307947182167,-0.14434177927789427,0.6668683794536127,-0.014992130490334446,-0.1631642553994213,1.0737198523387008,1
375,-0.9494789906175971,0.2697306118389261,0.8669151137521697,-0.3206378831196978,0.8780880914284547,-0.055211784480383025,0.28094325550460697,0.1401373922692186,-0.040338334968654875,-0.09959419023490251,-0.12053445906266713,0.23242284557198245,-0.04117021743903648,0.08535727965459772,0.2665065627801847,0.009087896578172439,-0.4385852237176974,-0.35269252482136243,0.2591318829227705,-0.01744647074704925,-0.1574292196499745,-0.2747297900580079,-0.08207839351481372,-0.7280277945747818,-0.7940409906183383,0.16850931972726907,-0.09391672168765136,-0.1163013253564823,0.9956453150671114,1
570,0.9980648822742173,0.33770177251303396,0.3831935440373162,0.5738843600554581,-0.24700651838478183,-1.000261063425592,0.10942068792130952,-0.17988928138911853,0.015235667942418313,-0.26698177859170263,0.04622073029026619,0.3686179740085018,0.3558604870761214,-0.29941128655039545,0.9284959701100335,0.42760249391696015,-0.0533637179459342,-0.33199231095204645,-0.19215958353046134,-0.06712760430472,-0.27755685041945194,-0.7661825303778085,0.09390606173891125,0.29281348824212894,0.17292423305300597,0.10703728748056535,-0.05017442659377874,-0.004976440239481572,1.2648691010150066,1
493,-2.0906711612227578,-1.2096748356376612,1.2884479389327739,1.9662866236325205,1.5992489344229393,0.010026647719006188,-2.233691657772444,0.9627699372192149,-0.11925211882662123,-1.0351118207370253,0.8852227004964156,-0.19437368566907964,0.04658933364766926,-1.8411508059823936,0.6034171856305963,-1.7452028095708512,0.25019802817576475,-1.3658382531589142,-0.32326220730631944,0.47808176147867354,0.4498539675579832,0.8396604995521542,0.07723186828850645,-0.5167347761672476,-0.14304285452706714,0.6635049984008813,-0.013092948238090082,-0.16302746952566707,1.0663351530710976,1
546,-1.1122458745344619,0.11795882756527155,1.0030767663027296,-0.3750195186465336,0.6533878122152865,-0.45393625335029947,0.23254114571891846,0.06727387116753329,0.021580750050310446,-0.11231279650791623,0.8291633782364272,0.9421775516526352,0.4139203940938526,-0.19540289223701668,-0.31012755116942287,0.04803008176811596,-0.3716365409596635,-0.49037171726031165,-0.15239887247854292,-0.013069787680384033,-0.2019773027265419,-0.3234407882216026,-0.1804507924627503,-0.11610909752628748,-0.21878242182822505,0.20981754465531635,-0.27762298748989134,-0.2969160887558179,1.0606205903555248,1
519,-1.7762226102668395,-1.890175120635592,2.3152781316084443,0.9397852286575805,2.1491507295918453,0.2814774467216354,-1.4848921600666898,0.590681975878756,0.7285139050109111,-0.38012024202769257,-0.1450997014040828,0.6271359385456298,-0.06913995945409257,-0.6293562551942374,0.48685531095242485,-1.7101197195217959,1.1844482513567098,-1.677608827092465,-0.7436800636064314,0.466274068191275,0.34796215708273076,1.0041968764574083,0.18157185326186143,-0.5971968701394434,-0.09162828139730278,0.5859695488547545,-0.12040194943781407,-0.16158527914346682,1.3954083599992106,1
384,-0.9922653192924601,0.25796503933781356,0.884273671577769,-0.3388570829789966,0.8803944084011134,-0.06803929247588372,0.2803001793362451,0.14016418079736329,-0.03687888186997941,-0.09779474995668266,-0.056440699467508626,0.2801369737997548,-0.015560194930465732,0.0718078445046251,0.21530766570753446,0.005091004251710829,-0.4400770791954299,-0.36270646353429237,0.2374579496671908,-0.016339217392221286,-0.1586283926609714,-0.27024600369527546,-0.09182746608434578,-0.7014293951056937,-0.7691533035347415,0.17240313689190606,-0.10753783335096942,-0.13079265535912565,0.995881432412551,1
524,-1.8878057042757104,-2.1912396416111277,2.3908145689055367,1.039393154009312,2.3047585914612596,0.43704812590244124,-1.795894817649524,0.6889952382403112,0.8430567052841261,-0.3545108591572279,-0.10127851448858999,0.7658017276350756,0.11824324296652178,-0.7368795978702597,0.5880548900124584,-1.8498355514372815,1.342836491083361,-1.7954150787647092,-0.6843032986668902,0.543180158524846,0.3850114239071315,1.0992930969828212,0.23939875271164462,-0.7264680515209399,-0.1551396752464278,0.7227716760154599,-0.12250089437173046,-0.16629784566913022,1.4474294363972111,1
517,-1.4151578359248806,0.19059171594237745,1.408158013745873,-0.32172325027582604,0.9388850163283441,-0.5348930433941183,0.5124742952321417,0.022026521170452243,-0.04261061623074348,-0.26926943132070663,0.44712024015182494,0.4981731242276448,-0.3368424809418138,-0.023888041032173013,-0.5199686287502447,-0.297479015209122,-0.28786541015128997,-0.635062372410612,-0.5613520896166498,-0.045412992370212645,-0.08142052022034689,-0.0031222074734251204,-0.2603178373273701,0.011073267679082788,-0.0452701753540668,-0.03668544125002385,-0.24908644698473992,-0.28069009708241477,1.0,1
472,-1.6790772975614645,-2.0232591100946955,2.154773921044917,0.981159328014256,2.2079471951608705,0.5411292089770359,-1.737163044003181,0.6877720162686205,0.7911158466041802,-0.29979787496813187,-0.3043751254849032,0.6247062553875732,0.1586329299170899,-0.6510309927976023,0.8143729843689214,-1.6661870162595858,1.207487173908907,-1.6352714936687491,-0.40703951002515926,0.517848486686181,0.33701172990835987,0.9509004952404199,0.27507788691874957,-0.9356708876669504,-0.4006400444565642,0.7392459430392471,-0.06938266023250333,-0.10886738606348448,1.420947494836841,1
533,-1.8829791708360364,-1.351750623984732,1.8925980304849288,0.33362768125875997,1.7701807547034611,0.19657121007988704,-1.0422833505593443,0.49762916180254324,0.5389930370714695,-0.21093565317542778,0.44504336978029546,0.9986063527694277,0.3630579105946192,-0.5398792437148298,0.0762838691277894,-1.1263898336342029,0.6191416993583847,-1.2963798670284332,-0.40719693390152145,0.34355223080895664,0.15225412314958042,0.5726659434828419,0.04661603601057035,-0.5789935221388041,-0.2712604338078108,0.5824282105252481,-0.22359354346884558,-0.2664391353619662,1.2755821847621145,1
541,-1.1249792760755475,-1.7268662609915069,1.8866387123497026,1.0192834780525555,1.704254456381167,0.14770748818273438,-1.5177870899490986,0.5199838846782954,0.7050362795060812,-0.31717822110106925,-0.055145266201878367,0.7425772440423226,0.3186533551139019,-0.7022187172453364,0.795280964118417,-1.3285268377246662,1.0952124397562057,-1.4839763576002707,-0.5094865790151273,0.43422029394883344,0.23184206854066072,0.653627183370392,0.25210637490923765,-0.5345703888240252,-0.10096344781383287,0.655005592964355,-0.09709553303008976,-0.11677628686193216,1.4435674227198174,1
489,-1.0510727045039752,0.06636597506654995,1.8243862014806198,0.2924588722446636,1.1378951503049362,-0.7295364918097462,0.5362343362129613,-0.04823069785525658,-0.01587037256910473,-0.5465490522351436,-0.4298823545868321,-0.2740174555585937,-1.2868953262845677,0.06941036802403278,-0.17081479463534932,-0.8021423664378258,0.1551237095708753,-0.9120162159787013,-1.1295544282031762,-0.033518885690660416,0.1071884755054705,0.38619093241246727,-0.1942303330732399,0.24290337828343744,0.3211159759083754,-0.30307238442286255,-0.106761444713058,-0.13095951811452133,1.0573367284248636,1
524,-1.8856404450149864,-2.1853975133935153,2.3893487915686347,1.0374602717503543,2.301739035793378,0.43402929176107397,-1.7898598408421278,0.6870874787927784,0.8408340132065867,-0.3550078067810077,-0.10212886042699128,0.7631109312681308,0.11460708985614901,-0.7347931176956307,0.5860911218656125,-1.8471243790897867,1.3397629824492425,-1.7931290597250844,-0.685455499108177,0.541687803201847,0.38429248643002417,1.0974477639242475,0.23827662726186413,-0.7239595566175024,-0.153907242726835,0.7201170438298895,-0.12246016454615714,-0.166206398766693,1.4464199723881324,1
193,-0.09466954042550557,0.3040196905169199,0.6152886743540764,0.19807864709612655,0.9558426683289962,0.2792732444843048,0.10119811152575853,0.19210602190577408,-0.03533242344028076,-0.15769901907911127,-1.5235474116445975,-0.7612665920938257,-0.5755534227191683,0.3075660858415321,1.4257295326364612,-0.06526924158409564,-0.248392084830519,-0.2593118157405281,0.6636875366874642,0.00998410701923158,-0.08406583546619006,-0.2540419001654495,0.16291622326688537,-1.322870594638811,-1.2942346154226878,0.139109689101919,0.2028547944472323,0.1976389489012928,1.031351077024945,1
530,-1.877983154109338,-2.387876028794819,2.3858761772119665,1.123145186358449,2.3559226431436575,0.5317434386157642,-2.02724586028575,0.7507755393640757,0.9232806000546514,-0.3270275598978382,-0.056735563630319466,0.8830621571054263,0.30915242445884705,-0.8254735743162721,0.7050177059154621,-1.8982756633546705,1.4458209083729607,-1.854196235842285,-0.6082253088698816,0.5947632177382897,0.3957662184907867,1.119545277214549,0.2914341515404652,-0.8119491817227256,-0.20275147804248714,0.8321765087418903,-0.12076824252112005,-0.16346032385044393,1.4920993147321586,1
563,0.520739424484109,-0.2822041976738312,0.7955361882974246,0.7922897524991115,0.280008774784946,-0.69161773144977,-0.40434551286663556,0.015579919268104536,0.22805499150054875,-0.295652115434369,-0.05166961050635749,0.43554210741308935,0.339418001496032,-0.43284052526829025,0.9925547582267944,-0.08331904489159214,0.3289442568036549,-0.6748466907880348,-0.29368931829479755,0.08334760971681976,-0.12642041445037877,-0.36465458427547137,0.166154018830482,0.07165154432725507,0.12149817519644185,0.2677917979282479,-0.04535792338585845,-0.014746543150353397,1.337499121362852,1
529,-1.9524763439691581,-2.4532684226039225,2.435264755863418,1.1334200205016656,2.4203908927479767,0.5697353584493038,-2.0776456125467013,0.7736073029872086,0.9448710806361107,-0.3280019355768815,-0.056892888621234226,0.8969600527292527,0.3082125161107253,-0.8376669344526169,0.6960881396451846,-1.9546397919842458,1.4805059132992655,-1.8908213588785363,-0.6179933368497557,0.610645412838966,0.41198291163283235,1.1656376361469964,0.2953247709872128,-0.8393897191293116,-0.21282116729970502,0.8497036783244909,-0.1231101370239961,-0.16807868363882741,1.4969004791768512,1
536,-1.8088761243632039,-0.6309801247878261,1.5305213220810467,-0.17457433938082034,1.3341962048450735,-0.05404994072101399,-0.36930302387756636,0.31442145429406493,0.2744285947097961,-0.13676513742005109,0.7614230297628011,1.0570087508370563,0.3980033674141294,-0.34725544957029786,-0.31067825700280743,-0.581503265637916,0.06220669191118322,-0.9068678145857705,-0.2703809703762788,0.1687710828988182,-0.0180221371511764,0.18022852633716904,-0.11170078821962523,-0.4037303956257572,-0.30399160795819724,0.4068629518402064,-0.28596450163896886,-0.3265460772570745,1.1341561233862074,1
446,-2.2083928276666165,0.47025136891118047,-0.25153970748449694,3.045770991041092,0.4720405840444428,-0.7532842919449989,-2.3950578934994895,1.1906557541405496,-1.527753084304087,-1.9581379622596407,2.1162412959529697,-1.631937219179681,-0.29443188400736914,-3.141930597255988,0.4898730969910903,-1.4240301810622429,-1.386469958562499,-0.6490495851028297,0.07004661626004083,0.29148977252378533,0.48565493934072584,0.3748904586729418,-0.21099081954844628,-0.07203718320937236,-0.04338328562702212,0.40545070730485044,0.13262117754230174,-0.15253261891843792,0.4997465612399248,1
569,0.8549243666299484,0.3227968025471037,0.4252396757684006,0.5095210476589208,-0.18593356581159126,-0.9632043338557278,0.11777183988253032,-0.163124422947737,0.015666049260334918,-0.2564907180793032,0.09932703891581762,0.40752201381960795,0.3597986393136356,-0.29235648898311034,0.8444812301230282,0.40185643228881945,-0.07495188255854185,-0.3427350462640162,-0.18946264960071102,-0.06346091032552977,-0.2724303564213433,-0.7361517488613843,0.07529667852164806,0.26507663024781347,0.1463551164524814,0.1140087815899413,-0.0656020616869396,-0.02477844887295394,1.2510151048483071,1
532,-1.6477372600272648,0.09146011734557385,1.2491609284302558,-0.562575920108791,0.9257526892056529,-0.3600725581776648,0.33744799291691524,0.10731711708795261,0.004904608912428245,-0.12338822343936681,0.8889583010429661,0.9398794223225825,0.2154342892891736,-0.12502823456619672,-0.6334307210318953,-0.1300311297431664,-0.41603612287051106,-0.5648163810417414,-0.25878144286996935,-0.010616833663561219,-0.15198362435739854,-0.13897285139670518,-0.2614407899820636,-0.16766268587198624,-0.253648214615065,0.16251518243293028,-0.318152321281224,-0.35466773602314744,1.0,1
534,-1.866635407471524,-1.1927814177279472,1.8127403684369292,0.22154141811510475,1.6740223826440697,0.14129557732525477,-0.8938544838420794,0.4572218700568366,0.48064214805358474,-0.19457700915430576,0.5148223403114831,1.0114872668393684,0.37076528976603096,-0.49739519130779425,-0.009062384792091982,-1.0062126270048155,0.49630715470215125,-1.2104712152824837,-0.3770215519330603,0.305003455043463,0.114698920800781,0.4861120892690233,0.01169854158896022,-0.5403384438040149,-0.2784794428825954,0.5437064955680943,-0.23734974148864124,-0.27969599431254,1.2443900247805373,1
544,-1.2305339290315365,0.10564170063812817,1.037822729730428,-0.4282078907164971,0.7038571060400223,-0.42331341796987554,0.23944234705842746,0.08112796747300008,0.021936407346632894,-0.10364322359183949,0.8730492193664762,0.9743269620457695,0.41717479320225426,-0.1895729685753,-0.3795554143946613,0.026754124173251195,-0.38947650737793577,-0.4992492684854864,-0.15017018784497538,-0.010039715479774947,-0.19774088511481397,-0.29862403592323444,-0.19582916193594074,-0.13903020379198627,-0.2407385332634559,0.21557862824107968,-0.29037203294670677,-0.3132800166475468,1.0491719641842914,1
533,-1.892114340349218,-1.4406047400254023,1.9372336057477746,0.3962770840358242,1.823927435274073,0.22746692631733267,-1.1252460579768895,0.5202143798721529,0.5716076344891385,-0.2200791400704487,0.4060411699783948,0.9914067053633027,0.3587499544854351,-0.5636252446626804,0.1239872333704477,-1.1935615816395526,0.687798737672194,-1.3443975774446375,-0.42406313682302443,0.36509865150102544,0.1732451967417886,0.6210442828302695,0.0661327913259086,-0.6005993595006168,-0.26722544687459654,0.60407129370539,-0.21590466557915555,-0.2590293576366729,1.2930167047413192,1
547,-0.6664861364709818,-1.324387000803918,1.5826602610426406,0.9560435902976535,1.3074631493970335,-0.08612643189591085,-1.207585033990695,0.37945819359192373,0.5721504781866238,-0.311181101564645,-0.05417695716371654,0.6570380181015946,0.32443833398622307,-0.6271706224898012,0.8502409528404846,-0.9816150415580696,0.8817320285161044,-1.258554843487452,-0.4493659985343428,0.3364680362025311,0.13203103122715804,0.3699364138049315,0.2281602621370144,-0.36567846498967965,-0.038986192563089134,0.5471287920724834,-0.0826815635750716,-0.088351053854941,1.4140170575905033,1
521,-1.812590682013874,0.29777045941598046,0.8262155876677562,-0.05614741275563273,0.7344798050961683,-0.4381880762172028,-0.09299204815355377,0.3020318068451515,-0.33694466716673854,-0.41550287831507243,1.3376939022307275,0.5947623650106242,0.2987353873363612,-0.6966817613927556,-0.5400293948449606,-0.20346142533320705,-0.7710837766315837,-0.4702192177257726,-0.06866550649899324,0.01896401591559883,-0.08965105132883737,-0.1717823193785469,-0.2881121277997935,-0.16552850104758352,-0.28607161700584105,0.2322613658247065,-0.2669111872953684,-0.3525627166434854,0.8709855887039417,1
509,-1.3030675993030183,0.23836758599753638,1.4847856904373782,-0.20564577327296002,0.9452140613857871,-0.6191467112750517,0.596827155410035,-0.019078761959854834,-0.06551028953587051,-0.3395759907818918,0.23417907828863693,0.2852954646414162,-0.6030089060022614,0.024855859117046852,-0.4652862645619871,-0.37817950355260943,-0.22609431594492604,-0.6689170000272314,-0.7071741696203198,-0.062182789088100605,-0.047413062036886056,0.06235018279223095,-0.2597766371362288,0.09721397167168569,0.05515635127316798,-0.13268896834628,-0.21580056960213556,-0.24503702465093816,1.0,1
507,-1.4901022606822445,-1.118188228228839,2.1215882896320175,0.6843714970687444,1.7501424727259032,-0.11743546663409454,-0.6874219886241935,0.33858800729374944,0.43480430368039746,-0.4457875874676797,-0.25746558828723254,0.27157038982064374,-0.5496262540768664,-0.35364588286380344,0.22736027547537824,-1.3518616605815847,0.7783105750069651,-1.3755311135184576,-0.8959334214524969,0.26907217441983683,0.25296076578946086,0.7603520171390088,0.03329264633603635,-0.2657208886153355,0.07122705410067004,0.2351827850101763,-0.11501985402644983,-0.1495013591398122,1.262016391466957,1
543,-0.9256469112959886,-1.5518862323325993,1.7544824414983573,0.9917895958421248,1.5317472960486604,0.0460469305238983,-1.382925073415986,0.45888958272061064,0.6472634608212053,-0.3145709410442899,-0.05472428862611641,0.7053886043106923,0.3211684058730345,-0.6695911533678849,0.8191751155765526,-1.1777050636857957,1.0024006798173262,-1.3859731387973664,-0.48334883246238647,0.39172197278329385,0.18844868185670616,0.5302910915536475,0.24169567325668512,-0.4611437142196796,-0.07401850189308903,0.6081055720716187,-0.09082898208494997,-0.10441826353451596,1.4307202421351617,1
512,-1.349328775801769,0.21864982980741332,1.453160398324974,-0.2535525385095667,0.942601977770881,-0.5843740681084946,0.5620135742234034,-0.0021140483930769394,-0.056059280594690446,-0.3105595103615139,0.32206281347990184,0.3731529915728805,-0.49315837540429797,0.004738583643290495,-0.48785442551266667,-0.34487330626633045,-0.25158809290287565,-0.6549447313384308,-0.6469913991688478,-0.05526166420519468,-0.06144840599468547,0.03532883023596514,-0.25999999787056294,0.0616625228459349,0.013708947703740149,-0.09306699728661441,-0.22953810727642127,-0.25975153615687235,1.0,1
309,-0.6287169026343842,0.357935179013953,0.736780852997337,-0.18405153020633136,0.8607980113815599,0.040953938910497145,0.2857642920572753,0.13993656306774652,-0.06627328740740115,-0.11308429884480511,-0.6010348616717711,-0.12528214736962062,-0.23316435546313818,0.18693517250736125,0.6503362961573609,0.039051942753349764,-0.4274010279049869,-0.27761966884196043,0.4216178054401878,-0.025747367529289293,-0.14843921628269652,-0.30834400095957754,-0.008991195567396193,-0.9274316325518579,-0.9806198984435704,0.13931801113323183,0.008198518228814344,-0.007662201288973325,0.9938751820578552,1
565,0.5692052635572147,0.2930453752113581,0.5091668782925202,0.38104709459289354,-0.064027415392367,-0.8892363487059247,0.13444135960058123,-0.12966052004468315,0.016525122343737746,-0.2355497819202223,0.20533117617703378,0.48517736744680595,0.3676594837433342,-0.2782745889409603,0.6767815676904012,0.3504653806153081,-0.11804346290068474,-0.36417834401985105,-0.18407936912287845,-0.05614191674596197,-0.26219749355610467,-0.6762080779808785,0.038150967136989566,0.20971180113201923,0.09332118590969513,0.12792440174152692,-0.09639676744520295,-0.06430472918799046,1.2233614992922135,1
264,-0.4976792935037919,-0.28794664551909754,1.0068719434602886,0.39726294825586317,1.274327814538374,0.3458788938930488,-0.36640719526576593,0.3181835604041751,0.17488285210511312,-0.19384326576473707,-1.2134389059318562,-0.40873071708248077,-0.3888058766050046,0.06373745635901851,1.270224959744527,-0.4724784805977149,0.12192517594645325,-0.6093007422337393,0.39133754296493994,0.13916442523277783,0.02303939983962361,0.052447092367555515,0.19144564959013,-1.2243825270337974,-1.0669400154214004,0.29176026937287647,0.13360851053136358,0.11967603700898144,1.1304487716906015,1
529,-1.9747299525035358,-2.244173538452017,2.340903769599592,0.9628586624138845,2.309995582142781,0.5068781081481221,-1.8755348018682938,0.7244680189280209,0.8665638394002094,-0.30276997202131084,0.053317489553025954,0.9262953489846389,0.3197901485857607,-0.7783766405391248,0.555401519995439,-1.8010418339687504,1.3087114903926746,-1.7786547124172598,-0.5765957939421169,0.5599577324016236,0.3630818923930582,1.0585628329162693,0.24263621420340525,-0.7959957861544583,-0.23073428871478813,0.7998045598756747,-0.14636886192275395,-0.19201764845938654,1.450689043346565,1
299,-0.6992261842178993,-0.5839915266272362,1.2027044009658308,0.4968758640008797,1.4336035900421464,0.379188662303836,-0.6002585969883951,0.381235473364467,0.28001240503321123,-0.2119191571818772,-1.0583523239496584,-0.23242602735475715,-0.2954126349270852,-0.05820227776383413,1.1924564617893265,-0.6761255520801508,0.30712241228446713,-0.7843316921804331,0.2551341533409709,0.20376805151857053,0.07660318332179716,0.20572354042197016,0.20571333697334376,-1.175128225750485,-0.9532690197284815,0.3681014734859671,0.0989781495781919,0.08068645335029295,1.1800079500584741,1
536,-1.805345836608353,-0.5966424370882306,1.5132718967087224,-0.1987852113469578,1.313425791334023,-0.06598959532217097,-0.33724207200548145,0.3056933930712563,0.26182467819496247,-0.13323163541162567,0.7764954362654091,1.0597910557565668,0.39966817775823343,-0.3380788036140388,-0.3291132299289315,-0.5555447326174774,0.03567416820772695,-0.8883113625293847,-0.26386302349431906,0.16044446509273128,-0.02613414097954772,0.16153270917123555,-0.11924304150838405,-0.3953808162379143,-0.30555092931953115,0.3984989787997688,-0.2889358697589967,-0.3294095870728503,1.1274185502841996,1
460,-1.6102057041022704,-1.9220961369269427,2.0878550350643423,0.9471201016477857,2.153520275353142,0.5297467618448606,-1.6572525149335489,0.6662262325512943,0.7551915026256798,-0.29362107193890674,-0.35737053507623706,0.5644603003502364,0.12671905940344413,-0.609362357944068,0.8409476457597549,-1.596597759553121,1.1442025024081661,-1.5754607946061439,-0.3604967702949172,0.4957724592675481,0.3187081822473175,0.8985236355435511,0.2702024042874971,-0.9525018206676128,-0.4394831274519227,0.7131590093473739,-0.057548946834785064,-0.09554406092872228,1.404012380766709,1
514,-1.6494555357285061,-1.5481424058202173,2.2294628630657076,0.826622877229435,1.9723680941974329,0.10473705375382203,-1.1315689490049095,0.4789904623157502,0.5983843739288128,-0.4092144930525191,-0.19488397847057873,0.4696008157068505,-0.28202185343166136,-0.5072013739669935,0.3718847171012516,-1.5513916663526706,1.0045068904384737,-1.5437717613660948,-0.8111366873341932,0.3789027672575286,0.30587130800889156,0.8961601726651618,0.11587599729026982,-0.4503347524377805,-0.01947439760675848,0.430551690936198,-0.11801738472168888,-0.1562314369926287,1.3363083706335692,1
502,-2.0683660732489266,-1.5279756456238687,1.5802341578131518,1.7617533842656912,1.812824584339686,0.15465353055975306,-2.2031170983678314,0.9195917071790984,0.1476209122409753,-0.8602232049814336,0.6519778026069069,0.07800591998505402,0.11120367772311796,-1.5946880387162155,0.6249307350265393,-1.8060563801163168,0.5603025699387709,-1.5016504174155336,-0.39778364567480773,0.513435922310535,0.44307064678717545,0.9277219156242402,0.13184231173923044,-0.6009930034954072,-0.16192566105622638,0.7123993424821097,-0.040701853996415835,-0.16501596130579405,1.1736884446743086,1
531,-1.6288908579817465,0.09949296018960752,1.2620447981254728,-0.5430591194849733,0.9268168294136816,-0.3742386313928582,0.3516307439263988,0.1004058399293358,0.001054349845928313,-0.13520928587955622,0.853155229611759,0.9040870279090929,0.17068213594481046,-0.11683263103136016,-0.6242366480122443,-0.14359978562638892,-0.4056501792656988,-0.5705085621129309,-0.2832993815387409,-0.013436439908422044,-0.14626574696872105,-0.12796458674302016,-0.2613497947562817,-0.1531793339864399,-0.23676290190726157,0.1463735350961723,-0.3125557675893386,-0.34867317166632156,1.0,1
536,-1.807647542194215,-0.6190302006565536,1.5245183166861973,-0.18300001107072594,1.3269678536583647,-0.05820508267132951,-0.35814543092024276,0.31138398507545784,0.2700422817050643,-0.13553543665255066,0.7666684066722074,1.0579770260741395,0.398582741234494,-0.344061867523766,-0.3170938470610698,-0.5724693870941076,0.05297305777596373,-0.9004099483438914,-0.26811264726109124,0.16587332076866718,-0.020845211061967794,0.1737221593779379,-0.1143255821593922,-0.400824642591783,-0.30453427035664504,0.40395218964376367,-0.2869985731207487,-0.3275426127648535,1.1318113677316546,1
533,-1.887437117941507,-1.3951112807126769,1.9143801149067774,0.36420048271214045,1.7964090429396764,0.2116482667862155,-1.0827690099508185,0.5086507096101189,0.5549089048552464,-0.21539765914901704,0.4260103629528924,0.995092937143343,0.36095563537797215,-0.5514672515825791,0.09956302932727035,-1.1591695318278445,0.6526462166833876,-1.3198124276232164,-0.4154276120937214,0.35406684727216076,0.16249773117744218,0.5962744903795516,0.05614017923972958,-0.589537133835268,-0.26929136708238455,0.5929899981173834,-0.21984138420314164,-0.26282317649935416,1.2840902007069108,1
531,-1.9241195771324242,-1.7519067929255363,2.0936151762463466,0.6157704352334266,2.0122299331633204,0.33571064443765597,-1.4159074508763894,0.5993421126498729,0.6858734848858105,-0.2521135169560692,0.2693962354837961,0.9661826063845003,0.34365694990274537,-0.6468198019058232,0.2911168597817343,-1.4288990536975112,0.9283399520302213,-1.5126285215382858,-0.48315419335540694,0.44058693829036033,0.24678781460814805,0.79053869711109,0.1345101076095287,-0.6762958137006692,-0.25308879489147545,0.6798982393246861,-0.1889665384758104,-0.23306906316520815,1.3540988706858954,1
565,0.49945693334740526,0.28578260434406155,0.5296547706745276,0.34968467043069895,-0.034268290634501986,-0.8711796510693322,0.1385106400695094,-0.12149147805662591,0.01673483500365845,-0.23043778445691548,0.2312083803603997,0.5041342071859064,0.3695784340939202,-0.27483698535212575,0.6358435579261505,0.33792005199217784,-0.12856276574968334,-0.3694129755043286,-0.18276522939493625,-0.05435524033720529,-0.25969949783079027,-0.6615749263798903,0.029083140325017798,0.19619641367052673,0.08037480584605367,0.1313214139082633,-0.10391421826610417,-0.07395368867907798,1.2166108382720882,1
529,-1.9857586273888974,-2.351445018923698,2.3947912477886613,1.0384938100696912,2.37488268306908,0.5441777783120428,-1.9756937235387932,0.7517346204886493,0.9059386743080242,-0.31380868828577024,0.006231052808923332,0.9176033843290496,0.3145892546910121,-0.8070446279151056,0.6129926675281827,-1.8821367024507731,1.391599514863619,-1.83662536267784,-0.5969579632815462,0.5859702183673379,0.38842392089172106,1.1169688619873877,0.26619833298833134,-0.822080004465416,-0.22586294407374008,0.825933744185413,-0.13708626083294628,-0.18307199842113198,1.4717373284775133,1
457,-2.0903567170514297,1.2174133398728109,-0.5280836868507559,2.1976504389103106,0.03585181611997956,-0.9876523851562202,-1.4519216871419656,0.9077948489014885,-1.6896196552373555,-1.7257179912247385,2.3741490050826597,-1.3480536712250248,-0.1982484879316998,-2.693925285463754,-0.023145063548389633,-0.7245332070468087,-1.9157423295213323,-0.21815921251769987,0.20130926763342238,0.07897548760899849,0.24773786618197638,-0.09576742027444646,-0.3865679765298242,0.10450491806656861,-0.10228398555799156,0.20200640551097743,0.026654759431222474,-0.23621242867484762,0.386772518897737,1
533,-1.8762220291469525,-1.2860266271964105,1.8595817951551283,0.28728690009533797,1.7304251776001003,0.17371813308980905,-0.9809171363778268,0.48092323003466514,0.5148685306169782,-0.20417235924937768,0.47389268558851616,1.0039318190965096,0.36624443819852504,-0.5223146990479552,0.040998438379240665,-1.0767039445961666,0.5683571643620878,-1.2608619193428963,-0.3947212679893576,0.3276146811774103,0.1367273550623685,0.536881244229976,0.032179798041846175,-0.5630120229280438,-0.2742450503912238,0.5664191611665226,-0.2292808859156094,-0.27192003179220525,1.262686143631114,1
507,-1.4838980062573732,-1.1014484084288456,2.1173883050420383,0.6788330871769503,1.7414903487269817,-0.12608552319742117,-0.6701295875522031,0.333121583383854,0.42843548336989656,-0.4472115229518461,-0.25990213833308395,0.2638602806577982,-0.5600451537595745,-0.3476673591411899,0.22173336629388168,-1.34409316683183,0.7695038561585569,-1.3689808384547737,-0.899234894313443,0.26479603424385584,0.25090074872616586,0.7550644675131093,0.03007734925205896,-0.2585331393759148,0.07475842101443247,0.22757629936548618,-0.1149031482789575,-0.14923933054149224,1.2591239103407106,1
184,-0.024696044916826754,0.524031486263499,0.4917275541683054,0.07315157804741679,0.828239397470563,0.22204174480053973,0.2948426923505881,0.13955838549916105,-0.11511089261009402,-0.13848726034966607,-1.505855837063264,-0.7988694718720959,-0.5947047876732261,0.378214529590482,1.3731186119531003,0.09547665611400823,-0.40634028600076255,-0.13625143188760375,0.7275918901678549,-0.041378625031566016,-0.13151031555465548,-0.37164226861933763,0.1286378873143763,-1.3029251268247526,-1.3319630158462101,0.08434842490273231,0.2004897431306979,0.19691402314430562,0.9905418789694269,1
510,-1.599805879410881,0.09090086886975236,1.130754925539819,-0.5975589447709108,0.9131427452829103,-0.2501823188554418,0.27116887810929713,0.1405445620522604,0.012243305949502363,-0.07224376233077753,0.8536527768960059,0.9576493728968413,0.34808697699067714,-0.12058612046621844,-0.5116863898314663,-0.0516625027202047,-0.4612605445832842,-0.5048984702586108,-0.07029908296179117,-0.0006168746668826076,-0.17565594013568545,-0.20657888939420166,-0.23025853023424553,-0.3237478549459484,-0.4157628674045305,0.22769303753234343,-0.3009495624164172,-0.3365609701301758,0.9992341590601714,1
550,-0.41274655414790407,-1.101646657378541,1.4144323016529032,0.9210453289955833,1.0878706368669298,-0.2155349575390556,-1.0359128031203917,0.30168837092310336,0.49860872846154053,-0.3078621716290166,-0.053641074923221614,0.6096988420320043,0.3276398608925506,-0.5856374553112564,0.8806569468395357,-0.789626881521085,0.7635875554517078,-1.1338019172234866,-0.4160940263661831,0.28236991584008275,0.07679353968910774,0.2129360769175882,0.2149079882680408,-0.27221018267594976,-0.0046866981924259254,0.48742754021894164,-0.07470457488492831,-0.07261994224692278,1.3976632746050621,1
401,-1.2773294037020566,-1.4331462730687816,1.7644167338245793,0.7825986905369846,1.890459254142559,0.47473210775377334,-1.2710218508284223,0.5620892377060089,0.581558773698722,-0.2637667991190461,-0.6135126540096305,0.2732742014139834,-0.02752989309579118,-0.40796581234228674,0.9693906586749463,-1.260252785427126,0.8383294092628644,-1.2863784134919791,-0.13554226824651522,0.3890726434864285,0.23024185057725513,0.6453711468791957,0.2466377887552835,-1.03385058041228,-0.6272229649408619,0.5870733252506135,-0.00035319256255637865,-0.03114858295104872,1.322160083827171,1
382,-1.1672461360870976,-1.2714489739559216,1.6574546430133776,0.7281909285367274,1.8034641248342478,0.45653858396799396,-1.1432941228205422,0.5276507971850455,0.5241378694703307,-0.2538938946787858,-0.6982196799892705,0.17697801806774838,-0.07854051985679888,-0.34136332427223226,1.0118671778714616,-1.1490224162084628,0.737176189497905,-1.1907779364237725,-0.061149087895703724,0.3537866698049803,0.20098574897903235,0.5616528012849741,0.23884489429341446,-1.0607528779875368,-0.6893091355316672,0.5453763823076911,0.018561628097307964,-0.00985279040923498,1.2950912648753234,1
529,-1.9945120804833592,-2.4365863330382944,2.4375617091187833,1.0985253845044913,2.426383538819924,0.5737825056807081,-2.055189803706891,0.773376106912656,0.9371904587744617,-0.3225701112172115,-0.031141425726273847,0.9107045768383685,0.31046130811264483,-0.8297983934777615,0.6587027291470292,-1.9465016542548321,1.4573876935741952,-1.8826366353997304,-0.6131194057092995,0.6066163139443733,0.40853787475176245,1.1633256946279433,0.28489957350306844,-0.8427830339647921,-0.22199656055390585,0.8466724631728975,-0.12971866553443212,-0.1759718409839709,1.4884433406256419,1
422,-2.2413803984675744,1.717430749762251,-1.2644273587807882,3.423058897076796,-0.3439979766067529,-1.2864006562741364,-2.190782926378052,1.2371532049899918,-2.4250801892452074,-2.438092741333886,2.9376781825578115,-2.404378754552649,-0.46846271494220026,-3.779843042287314,0.2578892053397268,-1.0078442272218202,-2.538102614134653,-0.0811121112796061,0.3480967763130091,0.11160421912800003,0.4311789999570321,-0.05443749344006629,-0.44009923253868033,0.251324312505828,-0.002357136343849764,0.18555653435570482,0.18626898298836536,-0.17295181864210385,0.12350188401950779,1
570,0.9993523755900502,0.1379368466250126,0.47821841168213,0.7262747422590745,-0.13419471487391732,-0.9357128615405599,-0.08053102445481519,-0.13111238625920896,0.08933783297460707,-0.2893918274790494,-0.050658809675756415,0.3462492089454716,0.3454568395308936,-0.3544991347366808,1.049926527012048,0.2788160978064169,0.10609579779496214,-0.43953312381654897,-0.23093049823714623,-0.01869425855972029,-0.23061140662697144,-0.660794405561226,0.14115709147991337,0.2479548629636742,0.1861951454991776,0.15518109654402046,-0.030311433346842734,0.014926059294873173,1.3066520132185577,1
514,-1.8459247180943454,0.40813459718448764,0.6636893778867339,0.21432546523812224,0.6506391346981086,-0.5041279709081724,-0.25607393687597185,0.37472797755368326,-0.4992759502244418,-0.5727386535278511,1.4620763948187212,0.36160966928653515,0.23909354369857355,-0.9363661694733525,-0.47799934517909437,-0.26599400088661607,-0.9084515059030489,-0.43997010066970876,-0.03626648096467859,0.026165848790520026,-0.04916181603433453,-0.1626599535390846,-0.29992757821458793,-0.13312243766957832,-0.2640157038809743,0.22863054055633011,-0.23168104168430087,-0.33859979746729657,0.8128763388189671,1
258,-0.3839925900927297,0.4252305448742486,0.6374953741504429,-0.07984345022574224,0.847606605315242,0.1143232410461526,0.2894424850242437,0.13978334113127155,-0.0860602686129383,-0.1233765300010116,-0.9676309623638679,-0.3981919199700925,-0.37964561119818263,0.26443367039444127,0.9431778480513988,0.061912906925557135,-0.41886808484801286,-0.22034309608483554,0.545585871416403,-0.03208050768087492,-0.14158032467353787,-0.3339898455362824,0.04677042634290152,-1.0795660929362823,-1.1229696232486175,0.11704660439441258,0.08610698317773635,0.07522363824309775,0.9925246652729033,1
530,-1.6129363549885565,0.1062931979691808,1.272951693623072,-0.5265370876818665,0.9277176818996449,-0.3862309818143169,0.3636372130065958,0.09455506842145853,-0.0022051035846344935,-0.14521645730830848,0.8228459849646923,0.8737868219374574,0.13279700737969352,-0.10989460748650837,-0.6164533658156028,-0.15508638982699913,-0.3968579138810449,-0.5753273025663465,-0.3040551483388441,-0.015823389744502148,-0.14142525318683005,-0.11864549278848938,-0.2612727623551582,-0.14091838993721092,-0.2224685675570261,0.13270875387547418,-0.3078179809066032,-0.34359844733735645,1.0,1
530,-1.9655941129420673,-2.155312905121422,2.2962649203974186,0.9002046644155782,2.2562449593496203,0.4759801257653462,-1.792566009285072,0.7018811442732048,0.8339468497603608,-0.2936258144679381,0.09232255009627577,0.9334955244719784,0.3240984206757929,-0.7546288978647271,0.5076946567966378,-1.7338651590362533,1.2400494162083397,-1.7306334799881848,-0.5597283539149034,0.5384097313182713,0.3420892791432796,1.0101809451044865,0.22311802736909586,-0.7743883640432561,-0.23476957160705142,0.7781598892142294,-0.15405830377783616,-0.19942796967857598,1.4332532445766135,1
468,-1.6546069072761498,-1.9873154457840325,2.1309973366048696,0.969065036124651,2.188609063097587,0.5370849737599239,-1.7087704697062256,0.6801167013545212,0.7783517638562087,-0.29760322876860396,-0.32320463545984524,0.603300593650581,0.14729378662506468,-0.6362259373849323,0.8238150823845434,-1.6414616369596124,1.1850018423967417,-1.6140204803584992,-0.39050266298935415,0.5100047737742193,0.3305083962060993,0.9322907588552594,0.2733456057731607,-0.9416509946850379,-0.4144411684474656,0.7299771368925521,-0.06517808805953199,-0.10413354806772296,1.4149303718111048,1
476,-2.132330909788716,-0.6151767673976472,0.7434718093685446,2.348298267585677,1.2003485630914519,-0.2600964552291911,-2.2907964967583054,1.0434149545849716,-0.6176972891104112,-1.361755489122207,1.3208597987122852,-0.703103617573356,-0.07409242878678501,-2.3014752363197846,0.563235812678927,-1.6315451341902751,-0.32899167303344834,-1.1121786118354933,-0.18407672689722704,0.41204994610346546,0.46252333869364665,0.6751860775624524,-0.02476536866038076,-0.3593636611452992,-0.10777498321683851,0.5721838575422941,0.03847286819906093,-0.15931351566533017,0.8658288317705605,1
552,-0.31827870343686615,-1.0187198971254168,1.3518006317827396,0.9080153929739335,1.006115821551823,-0.2637140597873856,-0.9719988227764127,0.2727344807557126,0.47122895991911473,-0.3066265261108485,-0.053441564689026805,0.5920743540558575,0.32883179698334636,-0.5701745582706852,0.8919808938328418,-0.7181492323714624,0.719602086800739,-1.0873561057100751,-0.40370679189977854,0.26222905680910796,0.05622849005635222,0.15448447764061068,0.20997413514991764,-0.2374117186011253,0.008083085236736731,0.46520062199149126,-0.0717347230005479,-0.06676321193587198,1.3915747222574735,1
537,-1.7694428359753822,-0.24742840445894454,1.3378453668996613,-0.4450096020727726,1.102190837919929,-0.18741579524418744,-0.011182426081328689,0.21692907430531266,0.1336429394717762,-0.09729594584332502,0.9297817001003974,1.0880870764276982,0.41659928677505775,-0.2447523813915486,-0.5165967696845613,-0.2915466417584171,-0.234161403697286,-0.6995923809079514,-0.19757555140168157,0.07576282293717347,-0.10863316055223528,-0.02860361459445568,-0.1959477022625208,-0.31046565496392664,-0.3214092161535284,0.3134374341842224,-0.31915466179586527,-0.35853146094475896,1.0588974811408505,1
486,-0.9631597818378314,0.3832454291297014,1.7171551378273873,0.1463531434392391,0.9644065616155056,-0.8746415806404993,0.8526228202612007,-0.1437283968985869,-0.1349523587864707,-0.5527769786659404,-0.41155392896330856,-0.36024497525572774,-1.4101447578964492,0.17266920320299167,-0.29946483688697484,-0.6228995406219165,-0.03877668287619185,-0.7715793989218137,-1.149372049168857,-0.11303632614451513,0.05571278760936413,0.2608918038123039,-0.2581354756816129,0.3584311799805272,0.35969457431778706,-0.42381467516706184,-0.1148628762354669,-0.13692093531664398,1.0,1
374,-0.9431619281256903,0.27146770541634846,0.8643522601970781,-0.3179479625860077,0.8777475819972029,-0.0533179045394612,0.28103820060666207,0.14013343715524648,-0.040849095814209556,-0.09985986333750378,-0.12999739494063434,0.22537823251223266,-0.0449513343896204,0.08735774642104643,0.2740656743548744,0.009678006068321657,-0.43836496307431894,-0.351214046096992,0.2623318674753444,-0.01760994793365187,-0.15725217125429092,-0.27539178559562416,-0.08063902017834773,-0.7319548375540418,-0.7977154604654899,0.16793442846824125,-0.09190567245180115,-0.11416179527636766,0.9956104542114886,1
547,-0.628905109181527,-1.2913972289752824,1.5577442448862602,0.950860045022475,1.2749395985564471,-0.10529295408041917,-1.1821588914310222,0.36793981005375087,0.5612583088292485,-0.31068953932851023,-0.05409758836788423,0.6500266765858418,0.3249125078180434,-0.621019201119654,0.8547458246860559,-0.9531799341320024,0.8642338099658821,-1.2400778558474395,-0.4444381316143385,0.32845563656414606,0.12384988086075854,0.3466833056733657,0.22619748572918102,-0.3518350037678579,-0.033906140715612126,0.538286520186555,-0.08150010253967727,-0.08602114013307774,1.4115949208508,1
530,-1.9591857843534013,-2.0929816729289112,2.264953029291763,0.8562560591598359,2.2185416207142987,0.4543067565579062,-1.7343676048690575,0.6860375960579372,0.8110676840549084,-0.287211651229379,0.1196826238913743,0.9385460827822989,0.3271204552700462,-0.7379710595486431,0.4742307093120657,-1.686744125050817,1.1918864499049064,-1.6969490184159688,-0.5478966993180019,0.5232949002792664,0.3273640245310213,0.9762435020537635,0.20942700818605703,-0.7592318521637572,-0.2376001181099597,0.7629772493639182,-0.15945205765664092,-0.20462593457283876,1.4210229151173528,1
527,-1.7883533260824414,0.217524104528039,0.9443892641208471,-0.2528096890520839,0.7954408049901524,-0.39024282608763616,0.02558566543004548,0.24917403228519974,-0.21891272297679806,-0.301175905134064,1.2472547265720646,0.7642889371603534,0.34210129085810037,-0.5224059462517416,-0.5851317757437686,-0.15799365517365277,-0.6712029659248454,-0.4922135125339222,-0.09222301126112425,0.013727524711030364,-0.11909099088057087,-0.17841524037419315,-0.27952105060463395,-0.189091123063506,-0.30210858941175167,0.2349013582979262,-0.292527214608421,-0.3627152298614505,0.9132371351104626,1
535,-1.8336383493411248,-0.8718323178903793,1.6515126353875653,-0.004753888423721486,1.4798845135497491,0.029697457203207045,-0.5941856845535805,0.3756420206128501,0.36283527371616764,-0.16154990788878482,0.6557018119206021,1.0374930441416383,0.38632601668553046,-0.41162248916908556,-0.18137124897455603,-0.7635822006668269,0.24831172549497316,-1.0370269043032632,-0.31609930222144966,0.22717583563778726,0.0388772653249711,0.3113651539882062,-0.05879774298766838,-0.46229620601576543,-0.2930541804611979,0.46552972251689795,-0.2651226635255614,-0.30646078132410426,1.1814149624788128,1
419,-2.2521308139133667,1.7530238093144719,-1.316842982012191,3.51028793223571,-0.3710370676984227,-1.3076666458071293,-2.243377759215518,1.2605981318073836,-2.4774329475042403,-2.4888021694510787,2.977792240941743,-2.4795718195415226,-0.48769754733727366,-3.8571426215079283,0.2778942477060743,-1.028011337033295,-2.5824044848996675,-0.07135659969270902,0.3585456455616017,0.11392685102260953,0.4442370076776557,-0.05149547878615593,-0.44390978222223976,0.2617754514988744,0.004756020567488972,0.18438557264102085,0.1976309044976725,-0.16844869811935417,0.10476132179059705,1
176,0.012011021084247009,0.5341253564251726,0.4768353737096891,0.08878211687686632,0.8262607717750025,0.233046666166854,0.2953943975350912,0.13953540319847918,-0.11807881197016998,-0.14003102853691912,-1.5608428840145172,-0.8398041748083986,-0.6166760297878453,0.3898388036455615,1.4170429530273105,0.09890565306164319,-0.4050603996636728,-0.12766031597159427,0.7461862992502785,-0.04232855514322476,-0.13048152612063166,-0.3754889796377623,0.13700177038970346,-1.325744313117975,-1.353314555010363,0.08100785776165823,0.2121755095967316,0.20934636364476267,0.9903393101758079,1
423,-1.402684973291886,-1.6172764998560831,1.8862181129865405,0.8445546638962215,1.9895235735641819,0.49544969350885476,-1.4164697689702244,0.6013054639393244,0.6469459148316485,-0.2750094119741047,-0.5170538758501845,0.3829299481430496,0.030557646557613838,-0.4838083359974166,0.9210211982343578,-1.3869145987179752,0.9535160289391014,-1.395241935765513,-0.22025631878772267,0.4292539846221326,0.26355677081246065,0.7407040809794891,0.25551182334006606,-1.0032160170595914,-0.5565233259613582,0.6345550556353535,-0.021892143657287227,-0.055398827895477926,1.3529842707481246,1
530,-1.9642372690930319,-2.142115431266416,2.289635212469595,0.8908993683637482,2.2482619818216083,0.4713911947687364,-1.780243584496304,0.6985265689505842,0.8291026138837219,-0.2922677352407991,0.09811553454212557,0.9345648858323921,0.32473828003912786,-0.7511019118269978,0.5006092911383921,-1.7238881604727885,1.2298518079434175,-1.7235014245918423,-0.5572232221100032,0.5352094482427816,0.3389714815975262,1.0029953256066337,0.22021920985240545,-0.7711792558285332,-0.2353688869447001,0.7749452488898474,-0.15520033038780295,-0.20052854162907752,1.4306637008182261,1
545,-0.8000891943023889,-1.4416678393376445,1.671238359821841,0.9744714393779186,1.4230865412316906,-0.017988167549892298,-1.297976666147669,0.420406815089736,0.6108728665171634,-0.3129286380903557,-0.05445911852503109,0.6819638046903959,0.3227526143972696,-0.6490393356234553,0.8342258330548739,-1.0827037444460061,0.9439393622035457,-1.3242417665511932,-0.4668848940139122,0.3649526511655677,0.16111556628020085,0.45260276367699215,0.23513806314032712,-0.4148928926837532,-0.057046115607168935,0.5785636582095304,-0.0868817363330322,-0.09663405248951086,1.4226279152027153,1
535,-1.8377724382746587,-0.9120429365650108,1.671712308471878,0.023597879142216227,1.5042073853958087,0.043679205260155896,-0.6317301669122253,0.38586288186214546,0.3775948954244995,-0.1656877608243077,0.6380515031494454,1.0342348689513412,0.3843764662528396,-0.4223686586400014,-0.15978325874368604,-0.7939805397096155,0.2793822274591423,-1.0587571507928133,-0.3237320432174333,0.2369265927760993,0.04837670208039463,0.3332586018361474,-0.04996550379919967,-0.4720738519596438,-0.29122816127200996,0.4753242239252702,-0.2616430887952629,-0.3031075123946247,1.1893048933666308,1
517,-1.7356042766767834,-1.7805820030245807,2.2877814553817237,0.9035260804766888,2.0925065569347874,0.2248468092588028,-1.3716813748191576,0.5548941092453853,0.6868181829737832,-0.3894425364640281,-0.1610514331987234,0.5766589973136931,-0.13735095048906415,-0.5902157470345932,0.4500167710468467,-1.6592605430581624,1.1267919691474408,-1.6347251476971179,-0.7652943167980562,0.43827881263735013,0.3344755308827003,0.9695800732331881,0.16052178010164617,-0.5501397418569385,-0.0685089459366093,0.5361710154281674,-0.11963789421717111,-0.15986981677073936,1.3764717150386419,1
540,-1.136859536040221,-1.7372951154898357,1.8945152599209516,1.0209221204700034,1.7145359272942535,0.1537664834416141,-1.5258249006555802,0.5236251207134983,0.7084795542880129,-0.317333615659848,-0.0551703565731529,0.7447936964896357,0.31850345744487113,-0.7041633284042256,0.7938568665752415,-1.3375158540637666,1.100744044405918,-1.4898173745271548,-0.5110443954002423,0.4367532047687454,0.2344283254945833,0.6609780460134463,0.252726855392594,-0.5389466374257301,-0.10256937348790247,0.6578008462147266,-0.09746902107049134,-0.11751282821557317,1.4443331179712011,1
513,-1.6202806396418301,-1.4694250499979469,2.209712848706676,0.8005790495568028,1.9316823322490406,0.06406101371792927,-1.0502531341115,0.4532851416413436,0.5684356229542051,-0.41591040958652653,-0.20634161536450343,0.43334478585397795,-0.33101570422571963,-0.47908795430132617,0.34542473022495024,-1.514861088723467,0.9630941614187066,-1.5129697372653355,-0.8266615386789352,0.3587946387471642,0.29618428042383915,0.8712959907144087,0.10075637905914281,-0.4165350687374238,-0.002868492094577013,0.39478294048344115,-0.11746858742508588,-0.15499927328620874,1.3227067626865083,1
475,-1.6987306305624241,-2.052127174548743,2.173870025609547,0.9908728284180421,2.2234785677554596,0.5443773264173126,-1.7599664693227774,0.693920363372193,0.8013672878673883,-0.30156049959633396,-0.2892522514535679,0.6418981592893052,0.16773993460583436,-0.6629216361723212,0.8067895868683068,-1.686045143052481,1.22554621190107,-1.652339192071778,-0.42032103752803884,0.5241481451724299,0.342234866171274,0.9658468586605866,0.2764691642056497,-0.930867979612052,-0.3895557061024067,0.7466901616070097,-0.07275955189947297,-0.11266935625760635,1.4257801322060741,1
530,-1.8749298682006545,-2.3851957613109303,2.3838518653046616,1.1227240471058195,2.3532802539743285,0.5301862466940616,-2.0251801029504946,0.749839723589881,0.9223956613072958,-0.3269876227232296,-0.05672911528009111,0.8824925178008345,0.30919094890544646,-0.824973799575066,0.7053837060681606,-1.895965441440107,1.4443992584612924,-1.8526950654362275,-0.6078249423096269,0.5941122470577334,0.395101537588422,1.1176560689487836,0.29127468496969333,-0.8108244640626563,-0.20233874715565386,0.8314581147516965,-0.12067225423683917,-0.16327102905866986,1.49190252724364,1
490,-2.097711180631521,-1.1092114847305987,1.1963532273343505,2.0308422073885226,1.5318393495597409,-0.03562105667123461,-2.243341720210009,0.9763980196493351,-0.20348363230890587,-1.090310852040357,0.9588403706021595,-0.28034320583443617,0.02619550077378252,-1.9189403518979715,0.5966269947343975,-1.7259959667986893,0.1523216156138214,-1.3229726848439873,-0.29974145844854283,0.46692314247977773,0.4519949458826766,0.8118662097901954,0.05999550579285928,-0.49014086376330895,-0.13708298901955773,0.648072773622641,-0.0043789170438908315,-0.1623998539456396,1.0324518858377252,1
521,-1.4855318580858388,0.160596417160351,1.3600485799526094,-0.39460059611055265,0.934911428881716,-0.4819957557329523,0.4595147313093242,0.047833801029298365,-0.028233430802094027,-0.22512860761744807,0.5808118666089445,0.6318248818185659,-0.1697342433269996,-0.0544911016795057,-0.5543000569385893,-0.2468125332188696,-0.32664738156642936,-0.6138072980531522,-0.4698000811722879,-0.03488434972098098,-0.10277154675010929,-0.044227977095714494,-0.26065762101766043,-0.043008764747937744,-0.1083213279201469,0.02358880338551947,-0.2699844408079901,-0.3030742956086726,1.0,1
537,-1.7679206040109339,-0.23262226699047872,1.3304075520546716,-0.45544913724759684,1.0932348010309014,-0.19256407922001295,0.0026420010303880304,0.21316560381689031,0.1282082310489988,-0.09577232791833404,0.9362808017466867,1.089286784150532,0.41731713973677653,-0.24079548473862067,-0.524545783192971,-0.28035352905546573,-0.2456020166114552,-0.6915909865660408,-0.19476506461553755,0.07217245165291986,-0.11213099199849785,-0.0366651020616906,-0.19919986181363314,-0.3068653828284874,-0.3220815831059979,0.3098309556204163,-0.3204358920650504,-0.3597661835721413,1.0559922932777395,1
570,1.0134565544113316,0.15031792491647566,0.4688674180364045,0.7243293550580749,-0.14640082018938827,-0.9429060671490774,-0.07098858010823283,-0.13543524151016373,0.0852499962269615,-0.2892073439196503,-0.050629022525963345,0.3436178488777015,0.34563479721323304,-0.3521905031407066,1.0516172077267476,0.2894878082109946,0.09952870739625319,-0.4325987008763208,-0.22908106725400973,-0.021701316254470027,-0.23368179655651622,-0.6695213089721455,0.14042046048712406,0.253150321062097,0.18810169156366746,0.1518625873690327,-0.02986803041415459,0.015800477109964073,1.3057429840575598,1
531,-1.9444768514831585,-1.9499138047080615,2.193083352520192,0.7553815369652612,2.132001757893934,0.40456022306896333,-1.6007857493405482,0.6496721563180037,0.7585535053837553,-0.2724893261816889,0.18248175836284328,0.950138547512516,0.3340568823529272,-0.6997365929221984,0.3974214523718925,-1.5785879785488954,1.0813387730204966,-1.6196336190601532,-0.5207396940549568,0.48860207327738703,0.29356538599491133,0.8983474384056458,0.17800223348822178,-0.7244433558034302,-0.24409702567662456,0.7281287818951503,-0.1718322536194804,-0.21655673924893076,1.3929508378965638,1
457,-2.0884476342400506,1.211092644776127,-0.518775603282883,2.1821601118141394,0.04065347837189015,-0.9838759231869953,-1.4425817791315587,0.9036314463774829,-1.6803227353718335,-1.7167128976000747,2.367025460905082,-1.3347007186224957,-0.19483272338842694,-2.680198253354064,-0.02669760370044949,-0.7209518865954815,-1.907875104257724,-0.21989161807734203,0.19945373406995975,0.07856302944405426,0.24541899597496,-0.09628986981464573,-0.38589129059712973,0.10264898143681103,-0.10354715586639052,0.20221434751038742,0.024637084005837362,-0.23701210288566282,0.3901005098397796,1
533,-1.763117885608407,0.13397323710826972,1.0674292849121543,-0.4575704385747259,0.8589121542748811,-0.3403232098935172,0.14904636143795147,0.19413959588581858,-0.0960202709260791,-0.1821409933042516,1.1530913021328861,0.9407965451830376,0.38725298479788084,-0.3409535233267082,-0.6320914544987037,-0.11065354057557131,-0.5672091037140177,-0.5151135235322182,-0.11675060456888156,0.008275396910476115,-0.14974325527024634,-0.18532130238145725,-0.2705761963152631,-0.21362404435150223,-0.318805957873806,0.23765006459651358,-0.3191980995955677,-0.37328581947933637,0.9572285831584277,1
559,-0.016705359240128503,0.23203553326544119,0.6812724147152204,0.11759164816098044,0.18595974943774185,-0.7375537073280629,0.16862475362183962,-0.06103768040848653,0.01828678279945062,-0.1926071966503704,0.4227088363120075,0.6444215205956315,0.3837793448446245,-0.24939750394687182,0.3328878181926922,0.24508018666636705,-0.20640932435013615,-0.40815109840635677,-0.17304013099165436,-0.041133203501602225,-0.2412134466726678,-0.5532844331820375,-0.03802198265032411,0.0961777701223889,-0.01543298187097597,0.1564605044449967,-0.15954601100520371,-0.14535939885195764,1.166653561041972,1
453,-2.1057636508815296,1.2684234534909324,-0.6032030199464595,2.322662535376114,-0.0028991967479421454,-1.0181296904490735,-1.5272978540834177,0.9413948932856774,-1.764648893538638,-1.7983920946120253,2.4316383780556734,-1.455816443985534,-0.22581484491932213,-2.804707004379809,0.005525118135360829,-0.7534356553267371,-1.9792334564333967,-0.2041781229257692,0.21628404120605127,0.08230416230928037,0.26645192071494084,-0.09155107855923189,-0.39202905727846515,0.1194829445183804,-0.0920897806541236,0.20032824435091012,0.04293807180732234,-0.2297587915784204,0.3599145240922703,1
534,-1.6782512485905277,0.07845423568809234,1.228300806080064,-0.5941753431492363,0.9240297522727005,-0.3371364351431069,0.3144848670611821,0.11850708489540057,0.011138518219733698,-0.10424887985355337,0.946926634178538,0.9978304684239641,0.28789197601543143,-0.13829764014966225,-0.6483167368503973,-0.10806227810562247,-0.4328518823778434,-0.5556002374146027,-0.21908473586314964,-0.006051642254570403,-0.16124137259087282,-0.15679620361707192,-0.2615881192851378,-0.19111251108137484,-0.2809870264269222,0.1886499343625794,-0.3272136357398363,-0.36437346488238215,1.0,1
532,-1.903983206708799,-1.5560484247062054,1.9952263640554668,0.4776743025543849,1.8937577945293893,0.26760817674258786,-1.233035331700495,0.5495582179458081,0.613982140792857,-0.23195881278598957,0.35536757311623723,0.9820525655439922,0.3531528437510292,-0.5944772295566492,0.18596581562680858,-1.28083445589378,0.7770013749320065,-1.4067845738764642,-0.4459765461122599,0.3930928323810265,0.20051784306220463,0.6838998262971466,0.09148993004962297,-0.628670737471674,-0.26198299126346947,0.6321910632951866,-0.2059148931949445,-0.2494022060606889,1.3156684998041301,1
530,-1.8997869068390005,-2.4070160278698682,2.4003319463717,1.1261525745964687,2.3747921502211753,0.5428634675383338,-2.0419975944778543,0.7574582727704137,0.9296000166455985,-0.32731275437550306,-0.05678161180205915,0.8871299957926245,0.3088773183820425,-0.8290425047091963,0.7024040702890828,-1.9147731381678015,1.4559730212340611,-1.8649162107537987,-0.6110843576920676,0.5994118501224184,0.4005127566377951,1.1330362607364133,0.2925729147554884,-0.8199808782242197,-0.20569882148478136,0.8373066162369383,-0.12145370234309509,-0.16481209271726277,1.4935045895306136,1
319,-0.6785888973594041,0.3442211589546191,0.7570140894334616,-0.20528793602609152,0.8634862679218372,0.02600212063349211,0.2850147187176218,0.13996778793269055,-0.062240928660296076,-0.11098686074149591,-0.5263268009562374,-0.06966628069016889,-0.20331316357516838,0.17114187172052764,0.5906585625490981,0.03439314170181493,-0.42913994336747846,-0.2892919743221295,0.3963545421860132,-0.02445674654867491,-0.14983697935167326,-0.30311767337420364,-0.020354771523077297,-0.8964283827031354,-0.951610664947912,0.1438566671738249,-0.007678329120815897,-0.024553380220035614,0.9941504018154496,1
537,-1.3646082149073324,-1.9372198512409375,2.0455113920527497,1.0523354604826922,1.9116352689104241,0.26991951120154983,-1.6799125026801596,0.5934288707094344,0.7744883188178509,-0.3203125829190021,-0.05565134763959861,0.7872838539565898,0.31562986745706545,-0.7414421946633986,0.7665564257599268,-1.509838395963742,1.2067868123868604,-1.6017916825215925,-0.5409082725108828,0.4853099783274485,0.28400776283166457,0.8018966168584799,0.26462168014958015,-0.6228408316938749,-0.1333555222519615,0.7113868145996055,-0.10462891555319298,-0.13163257986423577,1.4590117598894783,1
493,-2.0898213363393467,-1.2218021112195185,1.2995650073672018,1.958493897753001,1.6073861765626212,0.015536938644218456,-2.2325267656450576,0.9611248446576973,-0.10908424400009309,-1.0284485563881554,0.8763360590992706,-0.18399601009612598,0.049051143145351195,-1.8317605631506721,0.6042368528575814,-1.7475213334231052,0.26201302555924144,-1.3710127028983914,-0.3261014775547684,0.4794287566414941,0.44959552272288744,0.8430156435773328,0.07931252870970695,-0.5199450185253858,-0.14376229032915616,0.6653678751717349,-0.014144848824391612,-0.16310323115445746,1.0704253184462598,1
573,1.1955080007493768,0.31012823636718023,0.3481683018756301,0.6992190272525922,-0.303952646140647,-1.0357532652334964,0.05218170983976611,-0.19123303454146556,0.03248573382412134,-0.2868260993793071,-0.05024454117679507,0.30965324078219725,0.34793180818192365,-0.3223915530256768,1.0734398798090488,0.4272342405749068,0.014763169432870704,-0.3430917723422433,-0.20520930629233125,-0.06051528830402364,-0.2733132373215742,-0.7821649026291593,0.1309123041205598,0.32021134412424324,0.2127106725577808,0.10902851651330603,-0.024144751786645255,0.027087134061651114,1.294009576843989,1
531,-1.9475422188716054,-1.9797293991803175,2.208061119115312,0.7764039641792687,2.1500368169720048,0.4149274878318464,-1.6286244421429132,0.6572507776924229,0.7694975522530754,-0.2755574845233863,0.1693943086797346,0.9477226575462482,0.3326113187923498,-0.7077047227753483,0.4134286361310602,-1.6011279090300379,1.1043771026246505,-1.6357462837857857,-0.526399261546058,0.49583211922584136,0.30060908149998045,0.9145811145874431,0.18455121160905547,-0.7316933394138514,-0.24274305875351093,0.7353912635896737,-0.16925219908378775,-0.2140703386449815,1.3988011079873774,1
502,-1.1934022693678328,0.2851098956798201,1.5597556405400763,-0.09207946101235764,0.9514061869028437,-0.7015776755131091,0.6793551660662369,-0.05929479301143997,-0.08791456223703908,-0.4083615716878277,0.025844583900090035,0.07702309875187385,-0.8634172136445499,0.07254525699230599,-0.41178687254471985,-0.45713415604366336,-0.16565954811183642,-0.7020392327863091,-0.8498416043353113,-0.07858979602678057,-0.014141304974515267,0.1264061746120215,-0.2592471450117477,0.1814911487827157,0.15341029834952152,-0.22661560095273667,-0.18323478300593282,-0.21015525377386288,1.0,1
465,-2.0564673926832526,1.1052107234713051,-0.362850067126375,1.9226719432670962,0.12108912934259897,-0.9206140440867195,-1.2861231318111053,0.8338876837589787,-1.5245842093836284,-1.5658629357011942,2.2476945119375484,-1.1110170485480169,-0.13761311272307974,-2.45024814322305,-0.08620842823143782,-0.6609589452505147,-1.7760862877578254,-0.24891222836280052,0.16837052949518422,0.07165368445997664,0.20657414916306108,-0.10504174919736461,-0.37455570082770306,0.07155902484614643,-0.12470731264387158,0.20569771414660543,-0.009162260424078583,-0.2504079463117208,0.44584976995096415,1
513,-1.849162713261008,0.41885512750984655,0.6479019382722663,0.24059860748656892,0.642495035829814,-0.5105332276788843,-0.27191535392425853,0.38178952416090617,-0.5150444550844611,-0.5880121919297515,1.4741586373904003,0.33896172770435096,0.23330006579617407,-0.9596485872704583,-0.4719738821802234,-0.2720682781482141,-0.92179510589084,-0.4370317677721595,-0.033119310672085484,0.026865419043093423,-0.04522878050665452,-0.16177382692587164,-0.3010753051577846,-0.12997458373628237,-0.2618732408464279,0.2282778501517953,-0.22825886259581407,-0.3372434701178015,0.8072317337128917,1
360,-0.8755509806303239,0.2900596605866689,0.8369222708034944,-0.2891579868333479,0.8741031404062675,-0.033047879126186674,0.2820543894314859,0.14009110592875512,-0.04631572286685135,-0.1027033384834152,-0.23127834025611316,0.1499803772087378,-0.08542028652477751,0.10876856097066856,0.35497016064778975,0.015993894474699274,-0.4360075333648869,-0.33539002226716774,0.29658101220792343,-0.01935962945005932,-0.15535723831670506,-0.28247706385482774,-0.06523353777213234,-0.7739856227525352,-0.8370429783153387,0.16178141941071267,-0.07038159469099592,-0.0912625986803679,0.9952373416323147,1
496,-1.2374063277688143,-0.4363844059670221,1.9505251849449574,0.45879505248363583,1.3977461337193002,-0.46974760010517613,0.016888170495451327,0.11594351288457949,0.1754056910979609,-0.503783710924113,-0.35670495610852515,-0.042458193526835775,-0.9739824127635821,-0.11014383957642415,-0.0018206973966274909,-1.0354551045323974,0.4196176712498776,-1.1087419468102344,-1.0304006285420035,0.09490729383298724,0.16905738304936385,0.544992975738884,-0.09766466788570705,0.027032257084508626,0.21505772183659955,-0.0746252683914238,-0.11026649194305259,-0.13882907580516618,1.1442071969082506,1
237,-0.3469699938094222,-0.06657524875962562,0.8604356852599437,0.3227760994672061,1.1552272891003448,0.3209710828502461,-0.19154177877984768,0.27103567529928796,0.09627086636403592,-0.18032678368368665,-1.3294069076197856,-0.5405648338359303,-0.45864188349945917,0.15491947295802944,1.3283773620147097,-0.3201987435142841,-0.016558457787327452,-0.4784190809099502,0.49318539283003804,0.090856226377656,-0.017013613476419553,-0.062167358215503565,0.18077680143194885,-1.2612130691822898,-1.1519389756918526,0.2346751445716755,0.1595038117633683,0.1488310035170542,1.0933902537507483,1
463,-1.3739508900614215,0.15300746539786816,1.0391247947423143,-0.5013857670849482,0.9009684547693534,-0.18247011331147797,0.2745634661857822,0.14040315420245894,-0.006018011788079938,-0.08174241709876888,0.5153228514486764,0.7057821466949019,0.21290007173252967,-0.049063098363924015,-0.24142421237474354,-0.030564219652177142,-0.4533855290474887,-0.45203817372459926,0.04411049870151623,-0.006461701797581124,-0.1693258993021988,-0.23024732631235081,-0.17879637515917407,-0.4641520778568269,-0.5471368009783355,0.20713885442093996,-0.22904818351980058,-0.26006599417003057,0.997987773072144,1
535,-1.8314677022441754,-0.8507193074796386,1.6409065834992935,-0.01964028369722104,1.4671135325643476,0.022356192581656997,-0.5744725571998837,0.3702754493668512,0.35508557831087917,-0.15937728446280097,0.6649692931263393,1.0392037834682173,0.3873496487493573,-0.40598009928817175,-0.19270625145684506,-0.7476212314046327,0.23199782998532048,-1.0256172086685307,-0.31209165087406177,0.22205609752483788,0.03388948563582245,0.29986976775501184,-0.06343520354118967,-0.4571623496512057,-0.29401295113974657,0.4603870160125228,-0.2669496510210831,-0.30822145062369843,1.1772722708599044,1
502,-1.3627411887579886,-0.7745528374880295,2.035370913165183,0.5706788964321354,1.5725314800969072,-0.29500401889951855,-0.33244319732187466,0.22637313648417323,0.3040650196196524,-0.475018166550222,-0.30748314146698774,0.11329709856157055,-0.763505656981682,-0.23091861578328543,0.11185095946425705,-1.1923898492323608,0.5975260558917439,-1.2410669222749091,-0.9637061292920313,0.1812914744008129,0.2106726899955748,0.6518090815837434,-0.032711043249726734,-0.11817061340650004,0.14371903213620535,0.07903667962148186,-0.11262411586317284,-0.1441224302836618,1.202639474994501,1
523,-1.6644440974003964,0.07312636790993621,1.1569788685483693,-0.6250830780296678,0.9166269474532922,-0.2695611083836621,0.27019736924555915,0.1405850320522689,0.01746957542487482,-0.06952530957811069,0.9504805845810672,1.029732122622886,0.38677658343494153,-0.14105554072225635,-0.5890336540698446,-0.05770069308333883,-0.46351432242693397,-0.5200267407484389,-0.1030423555409933,0.0010558765584647613,-0.17746755634330597,-0.19980513784063614,-0.24498666180014084,-0.28356508637704314,-0.37816450847102634,0.2335755100532211,-0.3215272659077276,-0.3584533310005576,0.9995908665627387,1
521,-2.0203480808505523,-2.213207907081243,2.2083862842063002,1.3214379035711623,2.272606403905342,0.4660036838967492,-2.137296736538424,0.8266383897891814,0.7221403757898034,-0.4837261370583364,0.1498523796111312,0.664379838308848,0.25030427603866473,-1.0641074241517603,0.6712447174043904,-1.9370608527861544,1.2278900525143739,-1.7940244030520023,-0.558212058478747,0.5895457241668166,0.428467635779529,1.1172989490123397,0.24940669263587711,-0.7823826005277431,-0.20257622748487775,0.8176582074177878,-0.10013780997139703,-0.16929675066176475,1.4047966808844166,1
530,-1.9486696395081557,-1.9906953658131372,2.213569836671458,0.7841358655366004,2.156669985271067,0.41874049513475886,-1.6388633182000765,0.6600381415060805,0.773522695971362,-0.27668593165297717,0.16458083643227622,0.9468341101525911,0.33207965064849765,-0.7106353450769404,0.4193159661036953,-1.60941793745098,1.112850438749145,-1.6416724089184411,-0.528480810794434,0.49849127944142196,0.30319970332884266,0.9205517468853581,0.186959879852077,-0.7343598325617358,-0.24224507921080476,0.7380623534452763,-0.16830327311232712,-0.21315585793308084,1.4009527963150592,1
531,-1.94734748614995,-1.977835312396059,2.207109630799628,0.7750684784288123,2.1488911089068887,0.41426888955386965,-1.6268559414283945,0.6567693327693125,0.7688023129023802,-0.27536257450163815,0.17022571137095,0.9478761311005517,0.33270315069724243,-0.7071985336579671,0.4124117523241768,-1.599696021281425,1.1029135532167986,-1.6347226991195667,-0.5260397278128136,0.49537281815460865,0.30016161866032764,0.9135498424608893,0.1841351765398701,-0.7312327717684413,-0.24282907182488464,0.7349299019820319,-0.16941610147397046,-0.2142282915084971,1.3984294595443567,1
490,-1.779712858104228,-2.171079016671145,2.2525561744138978,1.0308976374358516,2.28747611714976,0.5577613048813295,-1.853928759478545,0.7192548368746363,0.8436087005055415,-0.30882345436868125,-0.2269379342926141,0.7127379844517296,0.20526565738741914,-0.7119174369020456,0.7755419393621698,-1.7678712303842181,1.299959092596473,-1.7226672242493994,-0.47504802364731014,0.5501061023771527,0.3637569769147551,1.0274338578405906,0.28220196961916366,-0.9110774335023839,-0.3438823126529138,0.7773643175833037,-0.08667414894747522,-0.12833550384450687,1.4456931789673109,1
439,-2.168789905980197,1.477094203230039,-0.910499092139748,2.834058532085074,-0.161420759135255,-1.1428054007032857,-1.8356445750078956,1.0788450174984003,-2.0715764084603205,-2.095685289329692,2.666814301209235,-1.8966493884922822,-0.3385825290544041,-3.2578897695988935,0.1228082975435173,-0.8716689844469023,-2.2389611871674537,-0.14698467165924722,0.27754242717960703,0.09592101191180029,0.3430068529247944,-0.07430298549563343,-0.4143690940550125,0.1807546372793505,-0.05038761162526478,0.19346326949365178,0.1095493918132775,-0.20335843298409725,0.25004458821048203,1
570,0.9857939617594216,0.1260348574860366,0.48720756611521354,0.728144852179417,-0.12246092808459519,-0.9287979989565771,-0.08970422135242462,-0.12695680505416107,0.09326748978050348,-0.28956917239752894,-0.050687444203781545,0.34877874782811735,0.3452857679689068,-0.3567184332124953,1.0483012676420533,0.2685573321044694,0.1124087728654779,-0.44619921739715207,-0.2327083649912685,-0.015803559770757536,-0.22765982626106251,-0.6524051920235592,0.1418652183384324,0.24296044451289422,0.18436237374712733,0.15837119511447628,-0.03073767868386508,0.01408547731217824,1.3075258672518262,1
544,-1.2822883009707775,0.10025260897607884,1.0530250722008494,-0.4514793089730187,0.7259388506018184,-0.4099150607236516,0.24246181798024713,0.0871895267413785,0.022092017480513593,-0.09985004005221076,0.8922505170323126,0.9883932390691585,0.4185986849266643,-0.187022211959607,-0.40993206968401363,0.017445290517901932,-0.3972819976391495,-0.5031334484220895,-0.14919507523574926,-0.008713973127008834,-0.19588733249955187,-0.2877660043643036,-0.20255763385914966,-0.1490588365561103,-0.25034495347545177,0.21809926537505187,-0.2959501011907715,-0.3204396982747089,1.0441628661855245,1
518,-1.745248094146116,-1.8066021749204175,2.2943098602449097,0.9121349173181788,2.1059553130388475,0.23829235176616975,-1.3985604723101068,0.5633910519538754,0.696717799650242,-0.38722918850035376,-0.15726408950068144,0.5886434970365031,-0.12115593979309125,-0.5995086914512234,0.45876317010574597,-1.6713357950713552,1.14048102560156,-1.6449068154306103,-0.7601625476166882,0.44492559281534017,0.33767759630130856,0.977798975934502,0.16551959870548255,-0.5613122916805617,-0.07399805963205106,0.5479944440171738,-0.11981930020882842,-0.16027711083073354,1.3809677524518063,1
479,-1.7216683354433353,-2.085819533137372,2.196157380678385,1.0022096029799845,2.2416054697396044,0.5481682538523677,-1.7865806950232863,0.7010961931085673,0.8133319014160412,-0.3036176856998591,-0.27160211437681714,0.6619630927038898,0.17836885876283595,-0.67679938752168,0.7979388879128042,-1.7092218658933804,1.246623190746194,-1.6722591633532888,-0.4358221109700797,0.531500572732735,0.348330868215592,0.9832909875092605,0.2780929451598967,-0.9252624323225396,-0.3766190056478112,0.7553784227059288,-0.07670077369976384,-0.11710669369418927,1.4314203770320546,1
200,-0.13384690132165655,0.2464734931653383,0.6533552445486903,0.21744173990412308,0.9868032280122365,0.28574810903702935,0.05574129138381956,0.20436226431410787,-0.01489698818587415,-0.1612126715054018,-1.4934011614546818,-0.7269958949241797,-0.5573993310260972,0.2838630311608812,1.4106126310561522,-0.10485484266503153,-0.21239282461232967,-0.29333491909757625,0.6372118647896203,0.022541976670462094,-0.0736539275026924,-0.2242475098822181,0.165689624214849,-1.3132963782853508,-1.2721388658633295,0.1539491485159954,0.1961232286849458,0.19006002280238382,1.0409845564090998,1
537,-1.7902071458401376,-0.44939448681408845,1.43930236935725,-0.30260703250602883,1.2243574521201228,-0.11718959697581488,-0.1997572917749817,0.2682654469564997,0.20777616775150798,-0.11807916118033562,0.8411294029618278,1.0717222230506427,0.40680726973522163,-0.29872722236395477,-0.408166659515661,-0.4442285364652174,-0.0781034328093635,-0.8087370023229641,-0.23591255907281372,0.12473800123911188,-0.06092029043706476,0.08136071912729714,-0.1515859688171215,-0.3595758878086313,-0.3122376601292417,0.3626323270576036,-0.3016777838043383,-0.34168897975216106,1.098526277811685,1
490,-1.5059310463427416,0.11671498259954101,1.0926695892034222,-0.5575853270664417,0.9080825980930031,-0.22203827824591627,0.2725798116907646,0.14048578700224768,0.00465313422401822,-0.07619180276718955,0.713028629673021,0.8529627601142535,0.2918976131840133,-0.0908581442115385,-0.3993540616130001,-0.042893168880203,-0.45798735690228076,-0.48292750770712733,-0.0227456487384691,-0.0030462306567008946,-0.17302490892282776,-0.21641648727536775,-0.2088686940791356,-0.38210575541024505,-0.4703673998050244,0.21914985451923996,-0.2710643251642738,-0.30476644073105297,0.9987161086203669,1
412,-2.295076333351636,1.7072529940272276,-1.3854985778911857,3.8406415711630224,-0.3579712090253877,-1.3153428337288677,-2.513878765090585,1.3584578427735408,-2.5648926792192466,-2.6378016486741904,3.0226930192516033,-2.690476827851212,-0.5455404144273857,-4.099750477299873,0.40626572079261636,-1.1875370170576747,-2.5916187049113626,-0.12124738471494667,0.35965675068539693,0.15409409826985615,0.5120167284217407,0.032660368853468125,-0.42322153080482267,0.255412703389556,0.03000032393505858,0.2154342788512642,0.2399167301115981,-0.14480481086273878,0.08254311089217681,1
533,-1.8778593622838051,-1.3019523074291874,1.8675820086547121,0.29851580427964486,1.7400584111123103,0.17925569644967593,-0.9957868757714696,0.4849712694164255,0.5207141759572211,-0.2058111831439966,0.4669021646076351,1.00264139736381,0.3654723059157583,-0.5265707902089949,0.04954850402401645,-1.0887434068864699,0.5806628412022555,-1.2694683265153963,-0.3977442653071863,0.3314765327313183,0.14048966952419017,0.5455522883748217,0.035677864515110735,-0.5668845239704055,-0.27352184347065317,0.5702983379265567,-0.22790277743761808,-0.27059194755809995,1.265811002698686,1
326,-0.7097544009850159,0.33565113194371915,0.769658039349336,-0.21855877642900529,0.8651661860685754,0.016658581252507354,0.28454630291104666,0.13998730066016393,-0.059721067727410156,-0.10967615088973245,-0.47964099362228096,-0.034911374571075626,-0.1846588580046189,0.16127248158190732,0.5533653555420095,0.031481810766223334,-0.4302266088688229,-0.29658611366360155,0.3805672786750198,-0.023650224710669326,-0.15071045534223929,-0.2998516894846744,-0.02745598272586522,-0.8770541446985471,-0.9334825075186766,0.14669291830170578,-0.017599928334290804,-0.03510884528854591,0.9943223893687937,1
531,-1.9342002365056363,-1.849957308181044,2.142870532646998,0.6849040499320328,2.0715393940869937,0.3698040666814033,-1.507456796835319,0.6242649003333338,0.7218636924772028,-0.26220335455997296,0.226357308790471,0.9582377956173161,0.3389031204233066,-0.6730235134719684,0.3437575212596211,-1.503023076264153,1.0041029924222364,-1.5656160640123291,-0.5017660479384897,0.4643634130886947,0.2699514638930074,0.8439241936034513,0.156046846705652,-0.7001378547928655,-0.24863618689220382,0.703781381176656,-0.18048186187989773,-0.22489237359506778,1.3733378631306685,1
440,-2.225555756776596,0.715171910979949,-0.4760582655726,3.203151651991894,0.3077021271219933,-0.8645692570841292,-2.4185838709018594,1.2238797836598385,-1.733101878218383,-2.09270819654328,2.2957145019066347,-1.8415231158293899,-0.3441501997636582,-3.3315744582352194,0.47331922714669405,-1.3772056395681092,-1.625083779463155,-0.5445472155024971,0.12738806971642802,0.2642860709821488,0.4908744504072687,0.30713049990735364,-0.2530115087611024,-0.00720363562317361,-0.02885367380761844,0.3678283422942485,0.15386519562867634,-0.15100254903043137,0.4171422273914991,1
445,-2.2112834936600176,0.5115021063294156,-0.28935424115726915,3.0722778257261423,0.4443618827114917,-0.7720274599813606,-2.3990202557747615,1.1962515106503937,-1.5623389508278165,-1.9808029512877399,2.1464690670899644,-1.6672367196472042,-0.30280569034805466,-3.1738713607630284,0.4870850117923604,-1.4161437585940067,-1.4266584865936474,-0.6314487755849563,0.07970434941598503,0.2869079896336307,0.4865340353881169,0.3634779889678694,-0.21806815329188473,-0.06111759424888408,-0.040936136045821137,0.39911416122751253,0.13619920086524218,-0.1522749169280349,0.485833927957279,1
517,-1.4151693694308707,0.19058680005228695,1.4081501291540053,-0.3217351940482424,0.9388843651023204,-0.5348843741271735,0.5124656157588223,0.022030750691626313,-0.04260825997272145,-0.26926219713913013,0.4471421506967561,0.4981950282385199,-0.33681509379240393,-0.023893056527556772,-0.5199742552828841,-0.2974707115459864,-0.2878717660776088,-0.635058888944414,-0.561337085278325,-0.04541126684480807,-0.08142401941202032,-0.003128944243977666,-0.2603178930140725,0.011064404245875625,-0.04528050872458422,-0.03667556298329708,-0.24908987192947857,-0.2806937655992887,1.0,1
535,-1.825414658238991,-0.7918437853932794,1.6113306570895123,-0.061152331323804154,1.4315005073044356,0.0018844181184569098,-0.5195007345026648,0.35531028439155726,0.3334748579957643,-0.1533187292869469,0.6908124951993007,1.0439743334299016,0.3902041385170259,-0.39024578932522125,-0.22431492194068314,-0.7031126378864871,0.18650506999006622,-0.9938002496336602,-0.3009159558487075,0.2077792488670082,0.01998061487142519,0.26781385280508296,-0.07636717799351914,-0.44284613098321013,-0.2966865691204363,0.4460461179363312,-0.27204436942227184,-0.31313123479082516,1.165720003932496,1
525,-1.9188094098957618,-2.2748913440834144,2.411802600169129,1.0670695222123985,2.3479947141411106,0.4802739172579819,-1.8823078619229263,0.7163118803524414,0.8748827743863572,-0.3473952134164498,-0.0891026630200766,0.8043304433216966,0.17030824167976166,-0.7667552891048678,0.6161735040903306,-1.8886560247504152,1.386845150296313,-1.8281479078683507,-0.6678052820344588,0.5645487520942405,0.3953056765648964,1.1257158741332287,0.25546613445424843,-0.7623864465816604,-0.17278651122913374,0.7607825675072313,-0.12308409267270845,-0.16760724676231875,1.4618836523607295,1
515,-2.034298406579427,-2.01413225293983,2.025893715633893,1.449359627748924,2.1390292627799514,0.3755493388097768,-2.1564190580110667,0.8536434558154885,0.5552293232078587,-0.593107151781294,0.29573130660636293,0.4940247953143722,0.2098923687793157,-1.2182532355216509,0.6577894455843578,-1.8990010553143724,1.0339406104555595,-1.7090830689695689,-0.5116039330033244,0.5674340848828056,0.43271014468096125,1.0622224821634827,0.21525154941341212,-0.7296847713174559,-0.19076630761071528,0.7870780982053492,-0.08287030451262836,-0.16805308338394426,1.3376544491349303,1
501,-1.1796556249320262,0.29096908483003253,1.5691531889543384,-0.0778438250510659,0.9521823752190159,-0.7119104685348505,0.6897001239408518,-0.06433590746221696,-0.0907229572954211,-0.41698390404740887,-0.00027032606977428486,0.050915976643366,-0.896059621371808,0.0785231644707802,-0.40508067725010993,-0.4670311903660754,-0.15808399743002116,-0.7061911334547168,-0.8677250912929004,-0.08064642860861058,-0.009970661304713163,0.13443564886837958,-0.2591807727136741,0.1920553661929357,0.165726516024437,-0.23838938599725976,-0.17915263334774156,-0.20578279347285602,1.0,1
512,-1.595799907690544,-1.4033731099302296,2.1931405597730294,0.7787256053373265,1.897542802513156,0.029929641664363182,-0.9820208202108147,0.4317157395333653,0.5433055473334722,-0.42152897074095963,-0.2159557485823912,0.40292225595673026,-0.37212657313806513,-0.4554979100034982,0.32322208572438915,-1.4842081850658393,0.9283446317034264,-1.4871236779228274,-0.8396884822274253,0.3419218552883379,0.2880558701285688,0.8504323903191917,0.08806946768086929,-0.3881736653497843,0.011065566845833597,0.3647692880109553,-0.11700809017176872,-0.15396536148315193,1.311293617725538,1
290,-0.5361768516728331,0.38338224850006297,0.6992370422626772,-0.14464628709070226,0.8558098131230653,0.06869780664530317,0.287155163937043,0.13987862372505286,-0.07375553643332902,-0.11697620310969623,-0.7396595103142232,-0.22848024813067314,-0.2885547771578594,0.21624045431377492,0.7610713998930034,0.04769658769097186,-0.4241743808377488,-0.255961105756018,0.46849508961313335,-0.028142181131123902,-0.14584559502594763,-0.31804172056672253,0.012094504008935747,-0.9849597570392293,-1.034448023042264,0.13089630144206676,0.03765882497901635,0.023680249874244275,0.9933644976440105,1
527,-2.003683191004191,-2.451021267990248,2.4263896923090944,1.1686241640348436,2.4321760359060507,0.5740593469899133,-2.1144534433321076,0.7943784655860755,0.9215302939521496,-0.35306090406894175,-0.024412816523259016,0.867883905629587,0.29857985010389926,-0.8799667082514664,0.687318221858095,-1.982526625039004,1.4595797026695305,-1.8954942900924783,-0.6138895596417236,0.6159600201590474,0.42339958612329487,1.1830926280275347,0.29020801230047544,-0.8453347878816265,-0.21668421446828645,0.8541888348324717,-0.1207653624733587,-0.17078242050153805,1.4850039762472849,1
536,-1.7975874080333571,-0.5211793258781756,1.4753632490278072,-0.25199286294123097,1.2677791526210238,-0.09222908735958532,-0.2667824884193721,0.28651194263501334,0.23412535371038615,-0.12546614294877992,0.8096197018845779,1.065905660426461,0.40332689145031037,-0.3179115092874427,-0.3696273269831384,-0.49849628831601905,-0.022635721626262262,-0.8475302937094364,-0.24953868824153053,0.14214525720775287,-0.04396169688232884,0.12044536099862349,-0.13581847033991587,-0.37703114623641937,-0.30897781240880634,0.3801176762138093,-0.2954659740819594,-0.33570265379211917,1.1126115477646716,1
535,-1.8288122513176774,-0.8248908054006234,1.6279317197580712,-0.03785148540605143,1.451490212984838,0.013375291002418188,-0.5503565954808567,0.3637102796497959,0.3456050248515107,-0.15671941580346502,0.6763066227128323,1.0412966083848725,0.38860190422474167,-0.3990775081401249,-0.2065728734820257,-0.7280954546559995,0.212040302570208,-1.0116592111262805,-0.3071889094296053,0.21579288996126583,0.027787708789953514,0.28580694102178095,-0.0691084191185875,-0.45088187059086576,-0.29518585874422515,0.4540957101752251,-0.2691846875889811,-0.31037535713822817,1.1722043285338177,1
511,-1.5856534279283276,-1.3759966951038327,2.1862718764912774,0.769668052240104,1.8833930602486668,0.015783280498066432,-0.9537407102247184,0.4227759127991317,0.5328899354058501,-0.4238576844885581,-0.21994049905148114,0.39031309114368073,-0.3891657123376731,-0.4457205917626059,0.31401980028860593,-1.471503537703408,0.9139420639736607,-1.4764113136612664,-0.8450877333340225,0.3349286266447699,0.28468690425270904,0.8417850958020879,0.08281114902435033,-0.3764187714980249,0.01684078824549365,0.35232958980224716,-0.11681722880084906,-0.15353683813644367,1.3065632344755533,1
533,-1.8872521986446658,-1.393312645160706,1.9134765762061767,0.3629322978697749,1.7953210720635666,0.21102285812644295,-1.0810896316428893,0.5081935267807898,0.5542487016250236,-0.2152125714870022,0.4267998676634751,0.9952386765008804,0.36104283947565025,-0.5509865715260426,0.0985973906973594,-1.15780980310132,0.651256421865692,-1.3188404258192787,-0.4150861968216649,0.35363069237015565,0.16207281792728162,0.595295188519683,0.0557451099786363,-0.5890997761872412,-0.26937304558275355,0.5925518865183186,-0.2199970268423732,-0.26297316943432203,1.2837372812377463,1
508,-1.2824361658690868,0.24716125717263066,1.4988898520352425,-0.1842804446579231,0.946378991318476,-0.634654519919565,0.6123532214811855,-0.026644638687787686,-0.06972522474960666,-0.35251668165031724,0.19498492954983848,0.24611300419090654,-0.6519997462973659,0.03382770681357214,-0.4552213776390881,-0.39303331065947816,-0.21472467076736257,-0.6751483143428494,-0.7340143175891604,-0.06526945350342207,-0.041153617584679114,0.07440109197251185,-0.259677023324585,0.11306910994185279,0.07364095137353588,-0.1503594670302191,-0.20967393998473263,-0.238474686906335,1.0,1
508,-1.520805100218281,-1.2010281580552222,2.142372648894113,0.7117792883274148,1.7929590235301187,-0.07462914689697753,-0.772996463645361,0.36563956331451297,0.4663215263209278,-0.4387409933588419,-0.24540789368666804,0.30972521523902374,-0.49806650439640493,-0.38323165448882873,0.2552060209675013,-1.3903054123528342,0.8218921654971523,-1.4079462967822172,-0.8795955048325942,0.29023340293594024,0.2631551209858399,0.7865183824402182,0.04920410703215283,-0.30129072447482896,0.05375146650041329,0.272824811301988,-0.11559739285590627,-0.15079805354612466,1.276330340863384,1
493,-1.1628686099503853,-0.2352727365968308,1.9000667019796746,0.3922567699750307,1.2937997877125353,-0.5736691080056326,0.2246385339138368,0.050270067701815524,0.09889088389769785,-0.5208908271127988,-0.385977591840565,-0.1350872028765604,-1.0991547463505225,-0.038318043325941686,-0.06942220759243622,-0.9421246645890884,0.31381402757636345,-1.0300471479037396,-1.070064419812058,0.04353388004911596,0.14430840274489837,0.48146852058657563,-0.1362931460775731,0.11338565071869933,0.25748345303746434,-0.16600934804828327,-0.10886439275777418,-0.13568107245384714,1.1094570194946647,1
506,-1.2651425057322594,0.2545322797021165,1.51071222869993,-0.16637161961368696,0.9473554577575943,-0.6476534602512674,0.6253674655353486,-0.0329865005457628,-0.07325826365931312,-0.36336381500782006,0.16213164818130876,0.21326952016805778,-0.6930648009671847,0.04134808029416165,-0.44678479787755065,-0.4054840544561602,-0.20519441780618314,-0.6803715205890434,-0.7565122404058998,-0.06785675435801117,-0.03590683212265758,0.08450239338576218,-0.25959352513193545,0.126359188575736,0.089135094954233,-0.16517121531067133,-0.2045384824448152,-0.23297401052232788,1.0,1
532,-1.8982154489710519,-1.4999477672871209,1.9670443818569328,0.438118760961944,1.859823248236399,0.24810125832857965,-1.1806543882531357,0.5352983767801097,0.5933899562310015,-0.22618580362478574,0.3799927581631021,0.9865982745180633,0.35587279844336067,-0.5794844940075289,0.15584689469927138,-1.2384235987381664,0.733652736090234,-1.3764671812542106,-0.43532757323151117,0.37948886646795665,0.18726451186124773,0.6533547400009534,0.07916745302023331,-0.6150292570980163,-0.26453059884449726,0.6185260666795416,-0.21076949221238603,-0.2540805869871051,1.3046607032472226,1
543,-1.3558287952051717,0.0925949667431322,1.074626875814809,-0.4845468844452716,0.7573159564922844,-0.3908766340768547,0.2467523421542761,0.09580271337131097,0.022313132059334127,-0.09446010714850263,0.9195346452591043,1.008380747864596,0.4206219671582082,-0.18339770846046427,-0.45309584811396697,0.004217881854459357,-0.4083732270376108,-0.50865268286606,-0.14780948672351948,-0.006830156471589902,-0.1932535226336751,-0.2723372593648694,-0.21211847156491748,-0.16330904542416003,-0.263995218443266,0.22168097052714034,-0.30387627013401125,-0.3306132644043598,1.0370451768252844,1
485,-2.110472872160519,-0.9270980245532681,1.0294098948474864,2.1478643913533877,1.4096436171088986,-0.11836826070735096,-2.2608347288103094,1.0011021254204737,-0.3561730681851082,-1.190372083308523,1.0922897181712317,-0.4361831877357092,-0.010773119498275419,-2.059952205916404,0.5843181761631823,-1.6911790453567983,-0.025102410167368694,-1.245268757015413,-0.2571045672660631,0.44669552018426695,0.4558759728179146,0.7614825202554495,0.028750543459710565,-0.44193314061047073,-0.12627933057133295,0.6200982353733687,0.011417314701722386,-0.1612621530436884,0.9710304920431764,1
512,-1.9041131832710272,-2.3538061197454327,2.3734293930757504,1.0923814889881478,2.3857855388116866,0.5783210168513374,-1.998268323894215,0.7581722245200514,0.908497573375562,-0.31998039537632833,-0.13121419894132255,0.8215581237892862,0.2629105537782789,-0.7871820193616852,0.7275410677085177,-1.8935678453105045,1.414267958085852,-1.8307011761028595,-0.5591165294823943,0.5899812504800674,0.39681802816063283,1.1220403283786475,0.2910083815839492,-0.880676314071576,-0.2737214246524562,0.82448422393187,-0.10804896722402747,-0.15240095515498683,1.4762824769818756,1
537,-1.7726691055452888,-0.27880902967113474,1.353609321580306,-0.4228837004722805,1.1211725634104361,-0.17650434921206803,-0.04048238137959448,0.22490550010480626,0.1451614431001491,-0.10052515286457198,0.9160072857122762,1.0855443755717455,0.4150778450893289,-0.2531387611028917,-0.499749363381242,-0.3152697008909702,-0.209913784301484,-0.7165508049097014,-0.20353219152390362,0.0833723764675075,-0.10121973906372395,-0.011517827203865183,-0.18905496604275673,-0.3180961926909155,-0.31998417904405646,0.3210811260240175,-0.3164391793161542,-0.35591454832366404,1.0650548339073946,1
487,-0.9740765493823563,0.3785924095327397,1.7096921637171603,0.13504804790384362,0.9637901590120923,-0.866435890878842,0.8444074698967938,-0.13972504357978477,-0.13272209843684737,-0.5459296350468675,-0.39081502043050165,-0.33951225137929253,-1.3842220988129068,0.1679219045695014,-0.30479049839523,-0.6150399045061724,-0.04479273473534462,-0.7682822063104369,-1.1351700472975477,-0.11140307084900071,0.05240071042086272,0.254515272843547,-0.2581881846138071,0.3500417067315649,0.3499137666441262,-0.41446463523182697,-0.11810467674238614,-0.14039328327229658,1.0,1
358,-1.0330281401119654,-1.074301052098899,1.527042112707648,0.6618547728304067,1.697396125870049,0.4343563000009672,-0.9875632832924384,0.48566205019944625,0.4541279682420044,-0.24185644814276325,-0.8014979303385165,0.05956979583008204,-0.14073475014841091,-0.2601588626915,1.0636562772148461,-1.0134058273157627,0.6138460709664295,-1.074217947568412,0.029554102491294865,0.3107645759285474,0.16531552032727365,0.4595799902623924,0.22934348049839334,-1.0935532530664012,-0.7650071192035809,0.4945377740310596,0.041623346541892425,0.016111905766589718,1.262087860163189,1
533,-1.8724418913124667,-1.249258748361709,1.8411115711957755,0.2613625450624305,1.708184773586817,0.16093346984911278,-0.9465871254559819,0.4715774552023701,0.5013725934614441,-0.2003887796780168,0.490031815889995,1.0069110368894119,0.3680270726481795,-0.5124885916647064,0.021258761765060252,-1.0489082407860546,0.5399468466597979,-1.2409921661207195,-0.38774202456145085,0.3186987612332529,0.1280412380332447,0.5168622625709146,0.02410375467259568,-0.5540715163354422,-0.27591473005572154,0.5574632422351747,-0.23246254753377843,-0.27498620161905885,1.2554717303129603,1
490,-1.0908291898100242,-0.04090177288982977,1.8512994474893243,0.32794866624784214,1.1933374350781587,-0.6741074550381716,0.4254256810474111,-0.01320218564931086,0.024940640930966818,-0.5374245601888336,-0.41426908996844003,-0.22461154460627708,-1.2201316503011495,0.03110035133981437,-0.13475790256208675,-0.8519224022748748,0.2115566287444821,-0.953989980509697,-1.108398790749245,-0.0061176393150291775,0.12038893965452052,0.42007322907721834,-0.17362690476100012,0.19684471797526848,0.2984871913352509,-0.25433048667741687,-0.10750928805047988,-0.13263858144840257,1.0758715716983218,1
535,-1.541419242505966,-2.092429963309966,2.1627361391663,1.0767229781428476,2.0646519068269207,0.3600940680818995,-1.7995372899223807,0.6476205034706546,0.8257337422604465,-0.32262528244768324,-0.05602476154982221,0.8202707781483367,0.31339897680528017,-0.7703833708923169,0.7453619274275436,-1.643619745929426,1.2891123427450584,-1.688722120755636,-0.5640928759354877,0.5230066757243098,0.3224983978023568,0.9112977226860985,0.2738561406911298,-0.6879714782113249,-0.1572561245555814,0.7529878907600809,-0.11018744747215499,-0.14259434618865963,1.4704074166029792,1
529,-1.5992560059012952,0.11212413026087625,1.2823039208863796,-0.5123701053074353,0.9284901269259402,-0.39651394332131873,0.3739322806995605,0.08953826553566974,-0.004999954717433971,-0.15379720711792838,0.7968570182435066,0.8478056055194456,0.10031202278269369,-0.10394552940430661,-0.609779512199469,-0.16493569414933498,-0.38931889748039317,-0.5794591800426784,-0.32185238937608573,-0.01787010389318446,-0.13727472310016736,-0.11065474193091755,-0.26120671014790053,-0.13040512012213595,-0.21021174677328142,0.12099174975569735,-0.3037555180553027,-0.33924707391184195,1.0,1
463,-2.062959965066481,1.1267066848737834,-0.394505795182458,1.9753527747702266,0.10475922497987156,-0.9334573594953326,-1.3178870911578768,0.8480469397569401,-1.5562019709643191,-1.596488229600125,2.271920871277426,-1.1564289137562722,-0.14922973742321288,-2.4969322100680555,-0.07412664532286184,-0.6731386066665549,-1.8028418214490252,-0.2430205151138819,0.17468098700833368,0.07305640752415828,0.21446036162939772,-0.10326495804084163,-0.3768570323218344,0.07787085314168393,-0.12041141483852635,0.2049905271798403,-0.002300376975601204,-0.24768834574448903,0.43453165323378884,1
548,-0.6023600423688544,-1.2680951598066814,1.5401450103447836,0.9471986880671068,1.2519668409625915,-0.11883107819915772,-1.1641993330656648,0.35980388928075535,0.5535647095803637,-0.3103423281599521,-0.054041526835239516,0.6450742699486143,0.3252474368222333,-0.616674192400074,0.8579278059342579,-0.9330950167976038,0.8518740791649965,-1.2270267791000329,-0.4409573710798287,0.322796140295122,0.11807118882533535,0.3302586533028886,0.22481109385428694,-0.3420567824270324,-0.030317885539283912,0.5320408500993606,-0.0806655867112632,-0.08437542366720621,1.4098840633723806,1
530,-1.9653885224220067,-2.153313208903419,2.2952603795272957,0.89879471539604,2.2550353695336787,0.475284805732178,-1.7906989014947896,0.7013728552127868,0.8332128456419926,-0.293420036761985,0.09320030967470638,0.9336575553190626,0.3241953728927833,-0.754094484937065,0.506621074150017,-1.7323534328897514,1.2385042630294754,-1.7295528228594539,-0.5593487735004319,0.5379248207942645,0.34161686692036175,1.0090921718822978,0.22267879524872997,-0.7739021163241359,-0.23486038054725122,0.7776728032635746,-0.15423134494600968,-0.19959472958969515,1.4328608739671398,1
493,-1.9338887376066995,0.6993706522693528,0.2348046591585915,0.92806686336853,0.429394928055388,-0.6781344479287301,-0.6864250172869761,0.5665633545611785,-0.927646283654263,-0.9876626298944517,1.7903049951176007,-0.25364880786039423,0.0817067728664439,-1.568860953432631,-0.3143104211619653,-0.4310090228557172,-1.2709463921758184,-0.36014676584977956,0.04923017198792706,0.045170513152343675,0.05768380790655006,-0.13858726204849736,-0.3311069562030553,-0.04760721279792188,-0.20581312775743155,0.21904928300976748,-0.13871344518702183,-0.3017535394294573,0.6595338759263712,1
531,-1.9479705113776322,-1.9838952279561215,2.210153809607775,0.7793412134199924,2.1525566717463467,0.4163759999490805,-1.6325140586207865,0.6583096611244422,0.7710266522485287,-0.2759861669808319,0.16756573288049925,0.9473851098931225,0.33240934494663255,-0.7088180282525368,0.41566515657963193,-1.6042771835176,1.1075960133359812,-1.6379975420134687,-0.5271900151610823,0.4968422997704717,0.3015932251986856,0.9168492805110889,0.18546623349578217,-0.7327063056445433,-0.24255388277128986,0.736405976050126,-0.1688917143905198,-0.2137229392599467,1.3996185065307207,1
451,-2.11414533302073,1.296173982113071,-0.6440694492736769,2.3906716322987167,-0.023980527791009898,-1.0347099580247674,-1.568304006192688,0.9596739937865889,-1.8054663094841168,-1.8379282697563346,2.4629137541918604,-1.5144415615902342,-0.24081149802070512,-2.864974489463346,0.021122274091002313,-0.7691591689861361,-2.0137739075254157,-0.19657212875382674,0.2244306194659682,0.08411502835116946,0.2766327430875616,-0.08925730379282533,-0.3949999951351715,0.12763129241005203,-0.08654392798101304,0.19941529089909765,0.051796521516708105,-0.22624788308874247,0.345303234277037,1
423,-2.2666479603152005,1.3015709283611505,-1.0136099986148244,3.5799590204421965,-0.08576388778748356,-1.1310123804566241,-2.4749107511020854,1.3034261463250192,-2.2247565591799634,-2.414901886325852,2.7254167666841367,-2.3433224455803394,-0.46318787320286753,-3.785627731150866,0.4336852588048932,-1.2650963616383892,-2.196382980942266,-0.2943432663766783,0.2646773786409289,0.1991538296503128,0.5033712223594214,0.14489676931739348,-0.3536192024067574,0.14802355878344964,0.005933731208969867,0.27775130062422226,0.20472851328204317,-0.1473391916359353,0.21936747239955245,1
533,-1.8869285948946606,-1.3901650817670907,1.911895408005865,0.3607130088193645,1.793417152562359,0.20992840994799278,-1.0781507651892162,0.5073934692392778,0.5530933638927528,-0.2148886731025132,0.42818147947660423,0.9954937164206077,0.36119544427951056,-0.5501453944747285,0.09690754930640166,-1.1554303147385072,0.648824318659447,-1.3171394490464965,-0.4144887293629744,0.3528674331306765,0.1613292312733862,0.5935814368471758,0.05505374949552044,-0.5883344121748714,-0.2695159807413104,0.5917852031120979,-0.22026939723624994,-0.26323565299909335,1.2831196817463881,1
518,-1.4319577659212142,0.18343113446240183,1.396673163298623,-0.3391207823586409,0.9379364277883147,-0.5222652199101777,0.499831604943604,0.02818732428659032,-0.039178444794056515,-0.25873198120169605,0.4790355676634249,0.5300789341055981,-0.2969498244254861,-0.031193709526902924,-0.5281643460409116,-0.2853837373713725,-0.2971235765156335,-0.6299882875379942,-0.5394964774793874,-0.042899558378065014,-0.0865175111274385,-0.01293511898387431,-0.26039895166523924,-0.0018373821734339046,-0.06032196459066291,-0.02229656508002184,-0.2540752883570778,-0.28603373038228586,1.0,1
533,-1.8904173830798567,-1.4240991198603556,1.9289420613155541,0.3846392748730846,1.813943403760839,0.22172771040178718,-1.109834831153462,0.5160189295383597,0.5655491176662876,-0.21838063775678862,0.4132862535402725,0.9927441183127869,0.3595502042700747,-0.559214166261938,0.11512581371011599,-1.1810836975774226,0.6750449447522792,-1.3354777645576092,-0.42093005586455196,0.3610961690983328,0.16934587611368238,0.6120574791900321,0.06250734138117353,-0.5965858398041447,-0.2679749896606626,0.6000508551923512,-0.2173329584213753,-0.2604058045824186,1.2897780526972773,1
346,-0.9618934586719705,-0.9698139114888227,1.457924303790276,0.6266970335880676,1.6411807632245363,0.42259983104058796,-0.9050269320399054,0.4634082822215773,0.41702316731467426,-0.23547667828798474,-0.8562347440191111,-0.0026558127899416473,-0.1736972953500186,-0.21712101620836577,1.0911041694076224,-0.9415299005536883,0.5484818950975039,-1.012441897228548,0.07762621463165031,0.287963140692183,0.14641052674873178,0.40548205173318475,0.2243077918142647,-1.1109372425634554,-0.8051265675311299,0.46759363603870796,0.05384591016382517,0.029873029062572692,1.2445962662560064,1
536,-1.8002195799538407,-0.5467814024378017,1.488224368648189,-0.2339413097010965,1.2832655103961068,-0.0833269168387114,-0.290687037601153,0.29301955880295016,0.24352279591403536,-0.12810071140705054,0.7983817609785534,1.0638311822558655,0.40208561387041347,-0.32475358888197214,-0.35588226667627243,-0.5178508923761138,-0.002853151841169188,-0.8613659284900574,-0.25439844981148263,0.1483535583729096,-0.037913411252764206,0.13438490598530128,-0.13019498899719373,-0.383256567487797,-0.3078151870968404,0.3863538293292229,-0.2932505309583189,-0.33356762949537255,1.1176350619830069,1
498,-1.913466895463593,0.6317569077372611,0.3343750979813278,0.7623637242393281,0.48075927325223244,-0.6377368759977105,-0.5865141460126748,0.5220266018249052,-0.8281952651970499,-0.891333335329203,1.7141030127694068,-0.11080959283636771,0.118245892010444,-1.4220201348120054,-0.35231265645526394,-0.39269891892258596,-1.1867891039324565,-0.3786786559574161,0.029381156901515826,0.04075836534769066,0.03287838771430843,-0.1441760096785603,-0.32386831091455404,-0.06746053956541875,-0.21932551416844823,0.22127368032850153,-0.16029692432561243,-0.3103078150228691,0.6951340632346374,1
485,-1.4820639376401028,0.12327806493284267,1.0829866227191296,-0.5474222764616242,0.906796086265651,-0.21488282609111498,0.2729385330227817,0.1404708438011595,0.002723378956039916,-0.07719556817670953,0.677275790511638,0.8263468217915778,0.27761180717962514,-0.08329998599606762,-0.3707942463698177,-0.040663618774296244,-0.4571551687253927,-0.4773415233236745,-0.010655475614347543,-0.003663879728250387,-0.1723559851452299,-0.21891763705458722,-0.20343045756823727,-0.39694289874799304,-0.48425027200692095,0.21697780189367336,-0.263466184291061,-0.29668287387381764,0.9985843974283876,1
356,-0.8549951873655498,0.29571218286340883,0.8285827161586183,-0.28040495479352795,0.8729951188404709,-0.02688517223769732,0.2823633418744684,0.14007823594286326,-0.04797774447300362,-0.10356784178381465,-0.26207084133308056,0.1270571261134592,-0.09772408412781108,0.11527810260285193,0.3795675957679512,0.01791411747370071,-0.435290802723793,-0.33057903566643987,0.30699379837197566,-0.019891586076357638,-0.1547811208215569,-0.2846312048706679,-0.060549800548837546,-0.7867642653141642,-0.8489997450296879,0.15991071670903098,-0.0638376175829048,-0.0843005434423601,0.9951239040112473,1
529,-2.0004057605302696,-2.4939117860623585,2.466358963392982,1.1389445069482773,2.4610589477884823,0.5937153012419606,-2.108714333562512,0.7879472704690526,0.958232214131181,-0.3284691573372219,-0.056304230469676184,0.906059625455579,0.30768197107603834,-0.8451184520468245,0.6894792096055216,-1.989838429819201,1.501682724575664,-1.9136159206083894,-0.6240008681148047,0.6205172831088692,0.4220805541092838,1.1945376445433953,0.2974910761803273,-0.8567223366096267,-0.21939333332933011,0.8606357954688514,-0.12475808038752188,-0.17119132114045987,1.499691460584514,1
516,-1.408034749808455,0.19362776660072428,1.4130275327729096,-0.31434678386994147,0.9392872131149472,-0.5402471772600785,0.517834732548738,0.019414371527437524,-0.04406583971769807,-0.27373725735698373,0.4335883012479922,0.4846452207527753,-0.3537567673609123,-0.020790474206753146,-0.5164936856963129,-0.30260735239024045,-0.2839399940151628,-0.6372137589650558,-0.5706187596215184,-0.04647867578543677,-0.07925942162209229,0.0010384178242426878,-0.2602834452546624,0.016547318507780545,-0.03888829215800815,-0.042786252628397275,-0.24697120324717048,-0.2784244233458047,1.0,1
526,-1.7921250298903229,0.2300116664203385,0.9259996300893791,-0.2222060267354361,0.7859543397138712,-0.39770384134833947,0.007133157032744197,0.2573995115886316,-0.23728030129731573,-0.3189669332193988,1.2613284474918893,0.7379080060256579,0.335352892067907,-0.5495259323363855,-0.5781131544774142,-0.16506913660536576,-0.6867459498684173,-0.4887908633920666,-0.0885571027079439,0.014542402945771925,-0.11450968537739627,-0.17738305627591816,-0.2808579537991266,-0.18542441818725866,-0.29961299087941257,0.23449053503435774,-0.28854096841750965,-0.361135343306494,0.9066621473551486,1
517,-1.7256444505558832,-1.7537092020261604,2.281039127720407,0.894635149233216,2.0786171119339056,0.21096068315776478,-1.3439215029480962,0.546118738682335,0.6765941756162571,-0.39172841142312453,-0.1649628805910593,0.5642817894533474,-0.15407663936392518,-0.5806182913760685,0.44098376994664346,-1.6467896091359993,1.112654349633615,-1.62420984703233,-0.7705942438136341,0.4314142307384138,0.33116854017093056,0.9610918534934434,0.15536019295669007,-0.5386010898735055,-0.06283996494041108,0.5239601566812181,-0.11945054391321297,-0.15944917649726703,1.3718283514525331,1
531,-1.9359331877977843,-1.8668130277145627,2.151337948354599,0.6967887077195154,2.0817351960815933,0.3756650166395031,-1.5231949099389535,0.628549340023336,0.7280507160082142,-0.26393788366822873,0.2189585503497232,0.9568720149104064,0.33808589660549404,-0.677528154898331,0.3528068997725026,-1.5157656277114728,1.0171273050077099,-1.5747250743258951,-0.5049655844226537,0.46845079182048566,0.27393349269419165,0.8531016156056506,0.15974919577464813,-0.7042365049295777,-0.24787074561499228,0.7078870968843909,-0.17902327363423032,-0.22348673094497273,1.376645209960122,1
557,-0.1740830584336246,0.21564807043405254,0.7275005803889386,0.04682656832423748,0.25310720042784896,-0.6968112046684094,0.17780653611966457,-0.042605339034460454,0.01875997112970582,-0.18107266390043703,0.48109725713424056,0.6871950724949409,0.38810919747526584,-0.24164101512595387,0.24051672103698563,0.21677334479079097,-0.2301447123445881,-0.4199623382837102,-0.17007495195180944,-0.03710180917907724,-0.23557705625783487,-0.5202667003705752,-0.05848231074793492,0.06568212132334197,-0.0446447422266939,0.16412540419707836,-0.17650812479968275,-0.1671309744545665,1.1514216050053654,1
535,-1.8241491975439734,-0.7795351586866006,1.605147458626351,-0.06983091760140869,1.4240551816701794,-0.002395449319852083,-0.5080082224876832,0.35218163902660293,0.3289568804085589,-0.15205211641628696,0.6962153233348163,1.0449716735227472,0.390800903483912,-0.38695634507134163,-0.230923089679889,-0.6938075881231818,0.17699426854329914,-0.9871485367006101,-0.2985795441553555,0.20479450419809106,0.01707280034879069,0.261112183301737,-0.07907076074698585,-0.4398531555463711,-0.2972455206934228,0.4430479829762802,-0.27310948077506625,-0.3141576834469386,1.1633048654133535,1
431,-2.201942600594392,1.5868579458193068,-1.072141138325371,3.1030600026511457,-0.24480532544598166,-1.20838657384129,-1.9978392771696252,1.1511457116388635,-2.2330245883492026,-2.2520656815951607,2.7905201369552364,-2.1285337034056315,-0.3978999133512763,-3.496270263508999,0.18450089571888684,-0.9338613747040112,-2.375581618230414,-0.11690011371109577,0.30976519782591033,0.1030836658847048,0.38327582154414863,-0.06523024650583453,-0.42612026689184535,0.21298440748256478,-0.028451685519566006,0.18985219638419104,0.1445878808770602,-0.1894714738935938,0.19225146015824746,1
515,-1.689270062400361,-1.655566756317047,2.2564154003131773,0.8621644835621052,2.027891320379506,0.16024701259319896,-1.2425393761590895,0.5140701134157637,0.6392549683235542,-0.40007667995993,-0.17924791970435996,0.51907885543334,-0.21516070769178813,-0.5455673202857174,0.4079942494229298,-1.6012443771570264,1.061022197269843,-1.58580680431752,-0.7899501643006424,0.4063440173143751,0.31909104380538683,0.9300919348387453,0.13650950499987874,-0.49646065479541346,-0.04213621843932677,0.4793647480483565,-0.11876631985201896,-0.15791295162793714,1.3548702733316798,1
498,-1.1364831898450283,0.30937033645410933,1.5986669405310412,-0.03313567301214604,0.9546200566365949,-0.7443614305191847,0.7221892906175007,-0.08016793013572182,-0.09954294634240851,-0.4440630276714209,-0.08228628718244213,-0.031075526068530035,-0.9985757106814028,0.09729726048931653,-0.384019335161189,-0.49811361734186704,-0.1342923752937098,-0.7192305092043075,-0.9238896108169994,-0.08710544753875672,0.0031275783381577438,0.15965285425505568,-0.25897232520900926,0.22523313495806654,0.204406581590302,-0.27536589855176685,-0.16633231621823008,-0.1920507325763074,1.0,1
479,-1.9939574629569763,0.8982494518282323,-0.05807143403304882,1.4154654185175088,0.27831204714753033,-0.7969597055199792,-0.9803024571392205,0.6975635821293563,-1.2201711142571723,-1.2710052342431493,2.0144452032704363,-0.6737955074774788,-0.02576924702546629,-2.0007779539716593,-0.20253079724100165,-0.5436942103708204,-1.5184863054848128,-0.3056371379084587,0.10761398610929879,0.058148387176895806,0.13064637231599666,-0.12214854197173981,-0.35239867869782676,0.010789283685066264,-0.16606784804846317,0.21250644957326326,-0.07522788539304154,-0.27659202718240106,0.5548196264060126,1
557,0.0643432595880129,-0.6828426695128209,1.0981243568079755,0.8552404048571591,0.6749853079733279,-0.4588532795354905,-0.7131288216079681,0.1554628988400738,0.3603330232801567,-0.30162180640773467,-0.05263349086415835,0.520690109193878,0.3336594809353767,-0.5075453783413939,0.9378461357660133,-0.4286441973337951,0.5414482891528741,-0.8992372119087944,-0.35353492991381147,0.18065278550161973,-0.02706587517968878,-0.08226130930135422,0.18999061111371207,-0.09646793154189115,0.059804380537656465,0.37517521101655055,-0.05970596878054739,-0.04304176986161365,1.3669143342664303,1
518,-1.7576129363114577,-1.8399639965880503,2.3026802691604082,0.9231727567537242,2.1231986657957505,0.255531584202875,-1.4330235673530514,0.5742854260762116,0.7094106153418553,-0.3843913394520031,-0.1524081382965956,0.6040094501950275,-0.10039147056101427,-0.6114236609462731,0.46997738524640914,-1.686818106482231,1.1580324799904358,-1.6579612635166439,-0.7535828382683559,0.45344777690581284,0.34178313164870555,0.9883368604389752,0.17192756302085457,-0.5756372014575066,-0.08103593904936535,0.5631538794607781,-0.12005189030728505,-0.16079932382187778,1.3867323568898344,1
506,-1.4699600433811861,-1.0638421191072711,2.107952968370314,0.6663909553463339,1.7220532053026714,-0.14551802209257536,-0.6312819150235991,0.32084116928345946,0.414127820438309,-0.45041041818683764,-0.26537588936897144,0.24653938955244648,-0.583451388746677,-0.3342365041191666,0.2090924193067658,-1.3266411137609695,0.7497194127807889,-1.3542655343401562,-0.9066517091345987,0.2551896127555183,0.24627288542684392,0.7431858975279149,0.02285412977660689,-0.24238573870504887,0.08269169672745064,0.21048820025257087,-0.1146409668362583,-0.14865067884770575,1.2526259023937631,1
413,-2.2943853467747735,1.6973923923849958,-1.376459368505583,3.834305361097836,-0.3513548752359732,-1.310862455314147,-2.5129315995753965,1.3571202296959597,-2.556625252414626,-2.6323837957576304,3.015467354248517,-2.682038813549773,-0.5435387346097011,-4.092115337547137,0.40693218639323187,-1.1894221923347414,-2.5820120144542944,-0.12545469304684143,0.35734816021216,0.15518933046977884,0.5118065887619161,0.03538841263059611,-0.42152976059413266,0.252802478128742,0.029415355794137316,0.21694897072265495,0.23906143721594836,-0.14486641210501502,0.08586879530852332,1
540,-1.6263798871005175,0.06442295771550352,1.1540986228503654,-0.6062005222605802,0.8727504575458714,-0.32083539800842276,0.26253692467811807,0.12749011324109258,0.023126599406224725,-0.0746308654834544,1.019911325617594,1.081913600548966,0.4280655018074577,-0.17006337627408974,-0.6118928144129907,-0.044444965656927446,-0.44917719844758325,-0.5289576171854193,-0.14271198923177583,0.00010029264165338373,-0.1835638932332185,-0.21557582677417686,-0.2472922232191442,-0.2157347138824019,-0.3142137290767681,0.23485785014745036,-0.33303617291227644,-0.36804120738328056,1.0108596222103388,1
448,-2.204152384237211,0.40973887149964394,-0.19606792651263572,3.0068869645810437,0.5126436725609766,-0.7257891251123461,-2.389245332271918,1.182447096004711,-1.4770175753294583,-1.924889705968128,2.0718988662858737,-1.5801548495940827,-0.2821479839796465,-3.095075304720349,0.49396306019976505,-1.435599116530157,-1.3275156622113435,-0.674868976634978,0.05587926825180756,0.2982109887403503,0.48436535518728646,0.3916319058981287,-0.20060877145344458,-0.08805560227439713,-0.046973115578343355,0.41474606181488866,0.12737241980804265,-0.15291065315499236,0.5201556069490474,1
531,-1.794382989332758,-2.3144892546767633,2.330449723852779,1.1116142285750414,2.28357299212293,0.4891069135288495,-1.9706846148666304,0.7251525367161067,0.8990506303404788,-0.3259340644054906,-0.05655900527392879,0.8674652097014292,0.310207238904647,-0.8117895460380251,0.7150389335334949,-1.835020881947298,1.4068955766403268,-1.8130936018088268,-0.5972631155446073,0.5769393853862467,0.37756699489253004,1.0678180145084548,0.28706789433704666,-0.7811539714079925,-0.19145074460985384,0.812506599748467,-0.11814004567925805,-0.15827735826616787,1.4867111961745954,1
434,-2.1889284340314488,1.5437699360737247,-1.0086881811188722,2.997462856344838,-0.21207252205322424,-1.1826425334082762,-1.9341693735879144,1.1227639077731375,-2.1696477338036213,-2.1906781987433206,2.741959126456946,-2.0375069819660974,-0.3746147376422989,-3.4026934520550536,0.16028332433598003,-0.9094476087892785,-2.3219509536209326,-0.12870987616528,0.2971160750565367,0.1002719495846912,0.3674681452442615,-0.0687917710747845,-0.4215073169525365,0.20033253702101814,-0.03706268379207878,0.19126973144323767,0.1308334413632753,-0.1949228316417271,0.2149382855707206,1
442,-2.2202875419542294,0.6399927838181072,-0.4071415912662055,3.154843165400708,0.35814633096947945,-0.8304099886343363,-2.4113624984853197,1.2136815637842753,-1.6700694230400046,-2.051401441830284,2.2406246394615907,-1.7771900687012605,-0.3288890070889124,-3.273362681388763,0.4784004893207056,-1.3915785791735344,-1.5518405201083452,-0.5766245450173537,0.10978693105884596,0.2726363323371039,0.4892723051446468,0.32792963138685605,-0.24011312665291845,-0.027104496029433878,-0.033313583643504924,0.37937664501875873,0.14734427776832149,-0.15147220877275158,0.4424978862760298,1
552,-0.2914298991892177,-0.9951511979735934,1.3340000209782124,0.9043121415611883,0.982880202066712,-0.2774070916003948,-0.9538337652036246,0.26450546608605463,0.46344732796275623,-0.30627534203725026,-0.053384861681781685,0.5870652803437433,0.32917055835598913,-0.5657798325241055,0.895199284363013,-0.6978344967692891,0.7071009318717114,-1.074155694225525,-0.4001862033518763,0.25650480271174086,0.05038367631519963,0.1378718889648085,0.20857187972060404,-0.22752161161730444,0.011712398415705816,0.4588834868812333,-0.07089065836598621,-0.06509866463783233,1.3898442885818731,1
525,-1.797017542826682,0.24621006407128693,0.9021452854810194,-0.18250810202796375,0.7736488522077893,-0.40738199094351335,-0.016802745848447487,0.2680692953122902,-0.2611060360633757,-0.34204478861110305,1.2795843512346665,0.7036876500740611,0.32659912187213014,-0.5847049626928351,-0.5690088618048854,-0.17424718615509133,-0.7069077265844582,-0.48435113109703454,-0.08380182341414943,0.015599432476219047,-0.10856698743996604,-0.17604414571699198,-0.28259213455850835,-0.1806681059330025,-0.29637579391874086,0.2339576304814165,-0.2833701591360935,-0.359085973631189,0.8981333194598996,1
560,0.10125527082016994,0.24431856606225194,0.6466226290254508,0.17063279342226867,0.13563015594179495,-0.7680917778971157,0.1617426549886121,-0.07485342821207677,0.017932109971850976,-0.20125277196126878,0.37894447234104733,0.6123611006135358,0.3805339539982967,-0.25521129022701183,0.40212350327188084,0.26629725185267894,-0.18861873942673613,-0.39929812047577384,-0.17526264656771223,-0.044154888382900895,-0.24543813776935275,-0.5780324920592614,-0.022686180907110276,0.11903543016487242,0.006462354472035914,0.15071536768967458,-0.14683225524053742,-0.12904076674175263,1.17807049711574,1
406,-2.3085418832868743,1.939792642736774,-1.5918855023009844,3.96800821091197,-0.5129203326810592,-1.41925649244059,-2.5193606529783428,1.3836216000464963,-2.752145594000213,-2.7548917063470206,3.188284285808211,-2.87413528798443,-0.5886292248243019,-4.2627596832805255,0.38286747766526474,-1.1338349897446458,-2.8148713991043213,-0.020166127689331237,0.41337439995060243,0.12611448689553018,0.5127567949474773,-0.036057731884516914,-0.4639050264650659,0.31661611600544104,0.042081163024864976,0.17824114009756847,0.25725075321047164,-0.14481930021496683,0.006423247199498494,1
564,0.5743025001575446,-0.23518489638393802,0.7600241612156311,0.78490180576491,0.23365396384735426,-0.7189351826268819,-0.36810641840235325,-0.0008368764820192442,0.21253071945116098,-0.29495150698507094,-0.05155648861683246,0.4255490592377952,0.3400938267905492,-0.4240730946759703,0.998975412715693,-0.04279136588181487,0.30400458718959755,-0.6485120118673013,-0.2866657820111348,0.07192778436582292,-0.13808075499392136,-0.39779651998948307,0.16335653433243819,0.0913822013765041,0.12873861594958053,0.2551891813338907,-0.04367402351913505,-0.011425789195557812,1.3340469247935334,1
520,-1.7999361904511426,-1.9541571935671294,2.3313310953534607,0.9609538523258987,2.1822204301815686,0.314539245266021,-1.5509862805392371,0.6115754584524318,0.7528564804067641,-0.374677749510672,-0.1357868459135435,0.6566051187794277,-0.029317380278796767,-0.6522070591702362,0.5083621920258878,-1.739812054302198,1.2181088363796522,-1.7026449494554088,-0.731061344892946,0.48261810987595355,0.3558358476934269,1.0244066749997776,0.1938611953803283,-0.6246695133067497,-0.1051256892621389,0.6150426646401146,-0.12084801610620119,-0.16258679129163595,1.406463851670195,1
530,-1.9543392320627806,-2.045841210017237,2.241272171566992,0.823018185894641,2.1900269776683334,0.4379154127426769,-1.6903527566398688,0.6740552852522659,0.7937644088836932,-0.2823606862537011,0.14037476326726592,0.9423657675267876,0.32940598861660675,-0.7253729096050843,0.44892227372069926,-1.6511069769179256,1.1554612991918423,-1.671473810312582,-0.5389485419482526,0.5118637106982582,0.3162274675515249,0.9505769666881769,0.19907263270976733,-0.7477691397963976,-0.23974083100374632,0.7514947766838596,-0.16353129764171287,-0.20855710138432398,1.411773244093825,1
489,-1.0678187717794714,0.02118308452830675,1.8357224910141205,0.30740774092346246,1.1612483271155214,-0.7061888952692768,0.48955995894281523,-0.03347612844486525,0.0013198788425157204,-0.5427056702941603,-0.42330579788980605,-0.25320689591667334,-1.2587733984790523,0.05327357645957098,-0.1556270551821265,-0.8231105134630607,0.1788941574301095,-0.929696236715719,-1.1206433354510803,-0.021977042599995,0.11274872206665565,0.40046269751012054,-0.18555183964087074,0.2235027341318664,0.3115843700355948,-0.2825415177605525,-0.10707644828401232,-0.1316667664372174,1.0651439007643884,1
560,0.06024877420306929,0.24004863174117647,0.6586678878456562,0.1521941707851029,0.15312616545256652,-0.757475869124481,0.16413506976443804,-0.07005067821590397,0.018055404414223045,-0.1982473221382387,0.3941582198617869,0.6235062216837318,0.38166214489294586,-0.2531902514507079,0.37805519434091717,0.25892159175877677,-0.194803256753447,-0.4023756693950713,-0.17449003644004096,-0.043104464094733064,-0.24396951403382378,-0.5694293573344814,-0.028017345228478874,0.11108945226760444,-0.0011490921201112725,0.15271254192315797,-0.1512519212128871,-0.13471359107374178,1.1741016428442148,1
497,-1.2597687871886785,-0.49672099362734423,1.9656635043183477,0.4787575585277669,1.4289316329866886,-0.4385695526509188,-0.04544012727619018,0.1356465544566292,0.19836130767858484,-0.4986513134915503,-0.3479227160852285,-0.014668068965586145,-0.9364287914259088,-0.13169268090080544,0.018460793273073706,-1.0634556690379324,0.4513603883248256,-1.1323515943632714,-1.0185008823641666,0.11032010649516477,0.1764824570111103,0.564051287317096,-0.0860755315222762,0.0011249135619157968,0.20232935128669216,-0.04720864184637441,-0.11068714321936064,-0.1397735251290501,1.154632783510424,1
513,-2.03920525443533,-1.944109949111867,1.9617042991126477,1.4943544508236193,2.0920452194488237,0.3437331849884755,-2.1631450889254356,0.8631421408573321,0.4965205047611999,-0.6315805184969507,0.34704234507669895,0.4341045974849009,0.19567799957085635,-1.2724720443664688,0.6530567265809538,-1.8856140105062376,0.9657213858714266,-1.6792060459437013,-0.49521012363990746,0.5596565998319238,0.4342023926837125,1.0428500425143739,0.20323791657455104,-0.7111489868994596,-0.18661232001650613,0.7763219376512083,-0.07679668130239883,-0.16761563939631038,1.3140380316903826,1
495,-1.1032608271143234,0.32353059993987604,1.621378574897953,0.0012684656717946163,0.9564959187720874,-0.7693333281624695,0.7471905878103716,-0.09235110208235892,-0.1063301677444301,-0.4649011496271006,-0.14539979941082803,-0.09417021689245697,-1.0774646289903547,0.11174443787488725,-0.36781205973038245,-0.5220323900833053,-0.115984075125521,-0.7292646634062168,-0.9671097357987223,-0.09207583823711299,0.013207029906554674,0.179058179498411,-0.2588119191861308,0.2507643301822754,0.23417194381939765,-0.30382033041614565,-0.15646673358104468,-0.1814835383185375,1.0,1
558,0.13186640849708686,-0.6235687902091971,1.0533568772979023,0.8459269473830728,0.6165491042595199,-0.49329044171218195,-0.6674447801096695,0.13476741542900394,0.3407626808359183,-0.3007385993092975,-0.05249088616688807,0.5080925861518883,0.3345114456783355,-0.49649290396437085,0.9459401969022865,-0.3775538431987815,0.5100086265883087,-0.8660389606157073,-0.3446808587017423,0.16625662624459242,-0.041765234784287064,-0.1240409836799492,0.1864640219483718,-0.07159489956491949,0.06893188774284825,0.3592879912061544,-0.05758319632920504,-0.038855532216353406,1.3625623962926907,1
521,-1.8118449963962708,-1.9862885750197319,2.3393927894796867,0.9715845976385917,2.198827819024827,0.3311426657534358,-1.5841783185488545,0.6220680296944799,0.7650811636617101,-0.37194456511846824,-0.13110999037465418,0.6714043496858857,-0.009318739670871157,-0.663682584507421,0.5191628080104096,-1.754723351972537,1.2350129635473859,-1.7152179274925312,-0.7247243063155941,0.4908259814528807,0.359789963977261,1.034555904561939,0.20003282317101465,-0.6384660962662376,-0.11190399982407503,0.6296429945530679,-0.1210720278897921,-0.16308974418746774,1.412015847780208,1
406,-2.3108382997699515,1.9321813459714732,-1.5916903036855699,3.985175681681284,-0.5088951697695547,-1.417543913285066,-2.535484381672582,1.38896988615544,-2.7534794159573686,-2.7613872849074763,3.187516321096058,-2.8829548042838287,-0.591200360833048,-4.273914231577475,0.39106309780742743,-1.1445346340813085,-2.8107551359879936,-0.025275256081198183,0.41231757903033595,0.12911096005344075,0.5168101851576914,-0.02956853087138378,-0.4618121867470681,0.31495406682965454,0.043343923509529925,0.1808829240053179,0.25942665743937743,-0.14339963637079192,0.00668154158876666,1
450,-2.118255608716691,1.3097825062077988,-0.664109852674182,2.424022472087533,-0.034318557936484306,-1.0428407210049309,-1.588412927958088,0.96863784391657,-1.8254826773141493,-1.8573163325709465,2.4782508209380936,-1.5431906112513405,-0.2481656755878895,-2.8945289363012945,0.02877093100567596,-0.7768697901927176,-2.030712127597862,-0.19284224106906878,0.22842560305886528,0.08500305518838482,0.2816252954258771,-0.08813246434916805,-0.3964569071802513,0.13162714380898985,-0.08382430880706959,0.19896758955201618,0.05614059827119333,-0.22452617596644825,0.3381380342113697,1
514,-1.8460418548812376,0.40852242002283556,0.6631182559873773,0.21527591491643794,0.6503445161071406,-0.5043596856448295,-0.2566470114475336,0.37498343404372847,-0.4998463871455381,-0.5732911846839479,1.4625134785697622,0.36079036383050145,0.23888396049925179,-0.9372084275594397,-0.4777813697532841,-0.266213742203231,-0.9089342201591528,-0.4398638043793431,-0.03615262983244956,0.02619115624385888,-0.04901953566616468,-0.16262789727620933,-0.2999690980561676,-0.13300856180615878,-0.263938198751107,0.22861778172914585,-0.2315572419125403,-0.33855073135709063,0.8126721411993388,1
572,1.1204585747067282,0.24424756147376758,0.3979256620830345,0.7095705829663818,-0.2390030159813934,-0.9974776620121693,0.0014056256501389086,-0.16823078750811915,0.05423742922973662,-0.28780775066313213,-0.05040304090398538,0.3236549111594701,0.3469848815945139,-0.33467596025116964,1.064443637002757,0.3704492443758751,0.0497071652115999,-0.37999037297653593,-0.21505027155153927,-0.04451450180466554,-0.256975455104025,-0.7357283748157926,0.13483197458947427,0.29256590986989794,0.2025657935345555,0.12668656042042892,-0.026504133075378092,0.02243428925759769,1.2988465912957612,1
507,-1.2803891610915528,0.24803374559982233,1.5002892354695734,-0.18216062443851766,0.946494573066363,-0.6361931700810314,0.6138936831037737,-0.027395308090275267,-0.07014342121410069,-0.35380062811565066,0.19109617359031572,0.24222540791726033,-0.6568605081276395,0.03471787351754385,-0.4542227620226555,-0.39450707224806086,-0.21359659994902275,-0.6757665714414284,-0.7366773371654723,-0.0655757054575115,-0.04053256947673217,0.07559675628467219,-0.25966713986452405,0.11464222137356342,0.07547495213928146,-0.15211269447043865,-0.2090660694682624,-0.23782358640195117,1.0,1
441,-1.5044216107998951,-1.7667137382510107,1.985070224626432,0.8948371716757239,2.0699226398996675,0.512263765024803,-1.5345130451701174,0.6331327453739309,0.7000131051997527,-0.28413374232831645,-0.4387694264221851,0.4719248527344305,0.0777005934947721,-0.5453609527821486,0.8817652937747172,-1.4897113633694583,1.046999704296475,-1.4835938832667448,-0.28900892930152994,0.46186453835408636,0.29059464375793476,0.8180748128175057,0.2627138522785458,-0.978353480219573,-0.49914459467450767,0.673090492139782,-0.03937282255330625,-0.07507995086005338,1.3780007031373447,1
535,-1.8414049405437776,-0.9473748236933848,1.6894611666831854,0.04850974283760312,1.525579177002811,0.05596455575930498,-0.664719398530931,0.3948436518158965,0.39056374060631405,-0.16932357041119028,0.6225426963258167,1.0313720063080298,0.3826634536678738,-0.43181100146693013,-0.14081452711741171,-0.8206906655258949,0.3066829630509704,-1.077850878806626,-0.330438708079577,0.2454942960838919,0.056723577564742694,0.3524957300801458,-0.04220487517960936,-0.4806651816694815,-0.28962369195487064,0.48393036403565937,-0.258585688892505,-0.30016109368154476,1.196237543416975,1
532,-1.9103053639921204,-1.617541503304149,2.0261172114377795,0.5210319411281664,1.9309541451317005,0.28899010919082013,-1.2904511556966527,0.5651887216499978,0.6365536556737997,-0.2382867262620229,0.32837540387544273,0.9770699209176061,0.3501714457536951,-0.610911073791897,0.21897978118601158,-1.327321864285346,0.8245167050198171,-1.4400160883216182,-0.45764910319927343,0.4080044177994812,0.21504509059759222,0.717380920437655,0.104996849279269,-0.6436234432580464,-0.2591905064616146,0.6471695457156196,-0.20059366787113075,-0.24427413699244008,1.327734370865274,1
492,-1.940913653087735,0.7226291241234498,0.20055339464299415,0.9850671348997543,0.411726091854519,-0.6920308205706199,-0.7207933872616445,0.5818835652248229,-0.9618564687232249,-1.020798972244304,1.816517737422246,-0.3027841114186933,0.06913767053280728,-1.6193727697882445,-0.3012380210741038,-0.44418732676748096,-1.2998956824935042,-0.3537719755249056,0.05605804052136887,0.04668824917245022,0.06621663168909428,-0.13666478710863103,-0.3335969799233728,-0.04077786108803616,-0.20116499798445103,0.21828411192231867,-0.13128893785449075,-0.29881095165387384,0.6472877570308723,1
498,-1.1435781938544909,0.3063462551441516,1.5938166191315413,-0.040483058382755455,0.9542194454735539,-0.7390284048298577,0.7168499863283077,-0.07756607865062348,-0.09809345993920496,-0.4396128156252869,-0.06880769669381936,-0.01760095509956594,-0.9817281072691728,0.09421190553407416,-0.38748057857413143,-0.4930054981548749,-0.1382023158404635,-0.7170876042919994,-0.9146594737999417,-0.08604396548164704,0.0009749996708715569,0.15550863183708533,-0.25900658169415725,0.21978066506751556,0.19804985837737543,-0.2692891390569294,-0.1684392208033703,-0.19430747410415644,1.0,1
529,-1.9855936304273223,-2.3498401599061403,2.3939850520978316,1.0373622534972824,2.373911925057846,0.5436197482396388,-1.9741952735507353,0.7513266923869737,0.9053495982685326,-0.31364354109789344,0.006935499995455799,0.917733422413697,0.3146670638293744,-0.8066157340669617,0.6121310622623373,-1.8809234645017043,1.3903594500026246,-1.835758079776408,-0.5966533304850401,0.5855810527430022,0.3880447857965359,1.1160950655037147,0.2658458266312037,-0.8216897656732578,-0.22593582291665756,0.8255428326693555,-0.13722513526629862,-0.18320583182278435,1.4714224308919852,1
497,-1.2539632938593988,-0.4810570789122055,1.9617334619876434,0.47357511443702593,1.4208356000518558,-0.44666365102879557,-0.02925914690436171,0.13053146965019458,0.19240182547557017,-0.49998372950619885,-0.3502026636935892,-0.021882632432468463,-0.9461780454803399,-0.12609841006441969,0.013195537936882329,-1.0561864734901227,0.4431196966919484,-1.1262223199036807,-1.021590162293466,0.10631880326568954,0.1745548417812739,0.5591035801504878,-0.08908417438157851,0.007850690328051524,0.2056337494717348,-0.05432624190682467,-0.11057793840728214,-0.13952833768581296,1.1519262085163076,1
558,0.13757934299971497,-0.618553802080692,1.0495692328763842,0.8451389632116872,0.6116049893923539,-0.4962040684483513,-0.6635795880812798,0.13301643160881982,0.33910689187488374,-0.300663873761287,-0.052478820803994984,0.5070267468775509,0.3345835279027831,-0.49555778670120926,0.9466250115455441,-0.3732312390014796,0.5073486094546594,-0.8632301544758367,-0.3439317418472504,0.16503860966430012,-0.04300890425184595,-0.12757583872036582,0.1861656476390457,-0.06949046568021477,0.06970413921035229,0.3579438203895968,-0.057403594812178146,-0.03850134699445251,1.3621941916546494,1
544,-1.2731106768303642,0.1012082588251503,1.050329234534977,-0.44735257876704804,0.7220230857232358,-0.4122909969450241,0.24192637395523026,0.08611462793407917,0.022064423071235996,-0.10052268685513563,0.8888455429908515,0.9858988603579812,0.418346185619386,-0.18747453868323116,-0.40454536486193865,0.019096029832731648,-0.3958978468289885,-0.5024446651905256,-0.14936799235727402,-0.008949067565697001,-0.1962160237499708,-0.289691463582891,-0.20136447115546485,-0.14728045496818537,-0.2486414430136869,0.2176522797515547,-0.29496094004640083,-0.31917006897621686,1.045051131601423,1
447,-2.2063100870226724,0.4405299871916206,-0.22429412934026738,3.0266726718070847,0.49198323960178736,-0.7397797369550001,-2.3922029898283013,1.1866239809978647,-1.5028337784834087,-1.941807713814773,2.0944620216727245,-1.6065037362029322,-0.28839851078124196,-3.1189171026126834,0.4918819276119333,-1.4297123915450194,-1.3575139045106512,-0.6617310645379761,0.06308816674765516,0.2947909721327464,0.48502154583486534,0.38311320545752225,-0.20589156191305497,-0.07990480672419209,-0.04514647027243365,0.41001622337887067,0.13004319218644256,-0.152718294610705,0.509770689543992,1
506,-1.87796108444094,0.5142023394927545,0.5074901950185472,0.4742690311869814,0.5700623205033866,-0.5675008735496663,-0.4128071665092928,0.4445941393107193,-0.6552877947246041,-0.7238533545903609,1.5816167676086215,0.137533438107051,0.18177351357219335,-1.166719838207008,-0.4183840801450069,-0.32609222884163824,-1.040471609574762,-0.4108985596979029,-0.005128725885027496,0.03308731955964449,-0.01024879716506924,-0.15389271475422334,-0.31128306175473247,-0.10197791872436299,-0.24281841138176669,0.22514106066984488,-0.1978223799694287,-0.32518044455976386,0.7570292396874143,1
522,-1.8487422822286665,-2.0858418611433853,2.3643704936961525,1.0045220432751376,2.2502828159323984,0.38258536742666405,-1.6870178575793482,0.6545773679118019,0.8029571383267237,-0.3634762865843771,-0.1166195976005729,0.7172570955758789,0.052643438751546534,-0.6992374285777639,0.5526265672641127,-1.8009233165037837,1.2873873505958366,-1.7541730306773233,-0.7050901360388402,0.5162565901171665,0.37204107961483174,1.0660014605529544,0.21915449797983674,-0.6812123184577941,-0.13290537170106137,0.6748794816137959,-0.12176608796995994,-0.16464805295857743,1.4292177056621318,1
371,-1.1027963787648778,-1.176781074707752,1.5948322214154707,0.6963371588100994,1.7525316344239257,0.44588693619050573,-1.068514174407131,0.5074883403265229,0.4905200143419156,-0.24811366750142883,-0.747812568955558,0.12060009813327977,-0.10840539021203288,-0.3023699850829824,1.0367356380236745,-1.083901072535434,0.6779546510438,-1.1348073272619392,-0.017594581167140633,0.33312801304524453,0.18385736344822853,0.5126387487966546,0.23428243745699617,-1.0765031967026386,-0.7256583347727295,0.5209643357544453,0.029635569012520346,0.0026151231169595224,1.2792434539387174,1
529,-1.9836349253877035,-2.330788624559302,2.384414575481337,1.023929366371162,2.3623879030958523,0.5369952849486623,-1.956406936631022,0.7464841133423263,0.8983565833896134,-0.3116830526980751,0.015298104016976233,0.9192771250934894,0.31559074842322243,-0.8015242673284152,0.6019028098129392,-1.8665209248281671,1.3756384438125902,-1.8254624272165443,-0.5930369863532852,0.5809612060357894,0.3835440130880776,1.1057220891783752,0.2616611678859007,-0.8170571792210083,-0.2268009791931206,0.820902260205247,-0.13887373563981315,-0.18479458931130657,1.4676842318254733,1
528,-1.5829177641383134,0.11908792781294375,1.293473149761727,-0.49545068449375945,0.929412646775962,-0.4087947345547292,0.3862275301746305,0.0835467708813727,-0.008337804739239472,-0.16404507170113386,0.7658187736232571,0.8167766169734513,0.061515678579259214,-0.09684063205454696,-0.6018090259804675,-0.17669857492007138,-0.3803151599424651,-0.584393821162779,-0.34310737526319873,-0.020314464805876776,-0.13231780543908436,-0.10111150450722252,-0.261127824958329,-0.1178492750291111,-0.1955736041401498,0.10699830230595145,-0.2989037778113724,-0.33405029197494884,1.0,1
284,-0.6129977272226099,-0.45733368929289986,1.1189207683805402,0.454258148634193,1.3654601207494341,0.3649376365363044,-0.500209196745693,0.35425976986488084,0.2350344889687388,-0.20418569019465718,-1.1247035170522486,-0.3078550320017177,-0.3353693670559796,-0.006032407603225098,1.2257284093632062,-0.5889985679658247,0.22788888070956825,-0.709447635736556,0.31340648928815595,0.1761284734968675,0.05368681689146998,0.14014678276214232,0.19960914621363202,-1.1962008524975065,-1.0019012488290642,0.33544016964490775,0.1137941687169724,0.09736749281394036,1.1588048867639986,1
532,-1.7681168436421193,0.15052405897093638,1.0430559476987349,-0.4170088167211929,0.8463389395634552,-0.3502119244047691,0.1245896915101393,0.20504151924446096,-0.12036437584050019,-0.2057209474324992,1.1717443946979402,0.9058316660859522,0.37830876116175216,-0.37689793445164743,-0.6227890821619076,-0.12003127449824366,-0.5878095348216288,-0.5105771971673261,-0.11189186593344554,0.009355423950124953,-0.14367126364085914,-0.1839532615030724,-0.2723481071822933,-0.20876425028175957,-0.3154983300833927,0.23710556578153244,-0.3139147903975415,-0.3711918622153142,0.948514195832386,1
547,-1.0189279825055548,0.12767585542223017,0.9756655447945888,-0.3330590114497485,0.6135723960945627,-0.4780947236015798,0.22709676197105677,0.05634432237506748,0.021300170668743797,-0.11915225525765157,0.7945416727600474,0.9168147606200568,0.41135298637117085,-0.20000214098714558,-0.255355648192434,0.06481476490531558,-0.3575625242121749,-0.4833681836386437,-0.15415709018603663,-0.015460223060004087,-0.205319428547796,-0.3430188176459054,-0.16831873882317236,-0.09802655040198349,-0.20146116276281198,0.20527260410057024,-0.2675652174769425,-0.2840065243652145,1.0696524546927042,1
437,-2.2323287349788976,0.8118244976158211,-0.5646596511635171,3.265258520770125,0.24284951487829343,-0.9084854580018935,-2.4278678882810043,1.236990927234738,-1.8141383316196684,-2.145813424540273,2.366539715017521,-1.9242316500441528,-0.363770456114696,-3.4064133000425763,0.46678660099055386,-1.358727348546787,-1.7192475552016622,-0.5033076189944423,0.1500166322339166,0.2535507194356412,0.49293421738840776,0.2803904999477126,-0.26959406353711196,0.018381519554322878,-0.02311987723302894,0.3529814908912632,0.16224868719391566,-0.1503987400923964,0.3845442163535284,1
500,-1.9035400957384616,0.5988907198619019,0.3827750316313089,0.6818175196200545,0.5057268331916622,-0.6181001261329983,-0.5379487324445287,0.5003778484106638,-0.7798533802795653,-0.8445088809968504,1.6770621908823444,-0.04137725316288199,0.13600709667226918,-1.3506426661337785,-0.37078506341152045,-0.3740768609060652,-1.1458813082523296,-0.38768677385087214,0.01973280117909021,0.03861367598482372,0.020820786023893367,-0.14689262936689063,-0.3203496967975375,-0.07711099114160311,-0.22589371466528863,0.22235493179139396,-0.17078838113342354,-0.31446594042675396,0.712438864981213,1
535,-1.8312918249048546,-0.8490086194081825,1.6400472249285576,-0.020846458388841693,1.46607875995696,0.021761364389316418,-0.5728752950776661,0.3698406213041283,0.35445765689042164,-0.15920124699082086,0.665720193601576,1.039342396640968,0.38743258884776494,-0.40552292293690756,-0.1936246734705297,-0.7463279890296928,0.23067599165414854,-1.0246927346195172,-0.3117669297082424,0.22164126919157723,0.03348534927386915,0.29893835059927054,-0.06381095518893776,-0.45674637738232676,-0.2940906358247416,0.4599703266583812,-0.2670976832369768,-0.30836410938765485,1.1769366080151316,1
374,-1.1202430941282557,-1.2024079189482082,1.6117842722901052,0.7049600563470535,1.7663191908067097,0.4487703646880824,-1.0887572991148644,0.5129463693471497,0.49962045434233926,-0.24967838989122498,-0.7343876461351875,0.13586174631852221,-0.10032089285935925,-0.3129255824687298,1.0300036817863223,-1.1015295880543332,0.6939860740889553,-1.149958715371584,-0.02938489835773117,0.33872036465759986,0.18849406154308862,0.5259069790910539,0.23551750627788753,-1.0722395448454094,-0.7158185128836425,0.5275727396545973,0.02663782467451392,-0.0007599731984416491,1.2835334971914987,1
352,-0.9959216038092955,-1.0197966135082728,1.490987653281736,0.6435151682787771,1.6680720696917266,0.4282236817978828,-0.9445092054214987,0.4740536443891447,0.43477270278299296,-0.23852851924891266,-0.8300507195380403,0.027110568369249854,-0.1579292585849688,-0.2377086966039177,1.0779741343762952,-0.9759126294593172,0.579749648297828,-1.0419932266844734,0.05463033166913711,0.29887048619308076,0.1554539617130603,0.43136046246951176,0.22671667510355673,-1.1026213985096587,-0.7859349385973468,0.4804826940852709,0.047999097322916406,0.023290227378652384,1.2529635841958338,1
483,-2.1147491807303016,-0.8660737200040225,0.9734689404873624,2.187077294047873,1.3686971127459744,-0.14609597822357157,-2.2666964519540453,1.0093802113605617,-0.40733769175158596,-1.2239015491949832,1.1370071905646693,-0.48840352612932336,-0.023160915216673905,-2.107203794658364,0.5801936205570242,-1.679512261279069,-0.0845553345864738,-1.2192309882976797,-0.24281739359960747,0.4399174567612426,0.45717646411289725,0.7445994759626824,0.018280685299906507,-0.4257792397596499,-0.12265913828709145,0.6107242619170091,0.016710465772687283,-0.1608809214408238,0.9504488291770273,1
534,-1.849103086937689,-1.0222515943976027,1.727075268124217,0.1013039765267576,1.5708711460924198,0.0820001696794852,-0.7346315184991414,0.41387606438223007,0.4180478442277533,-0.17702872580727944,0.5896758027967618,1.025304911478873,0.3790331677997035,-0.4518215980193791,-0.10061522037305803,-0.8772958493633654,0.3645397911207102,-1.1183150829739372,-0.3446517447409978,0.26365132103159605,0.07441261521697379,0.3932638338414852,-0.02575823570183866,-0.4988722766483184,-0.2862234353898905,0.5021688458170777,-0.25210632279926143,-0.29391692343452935,1.2109294970707989,1
534,-1.7154209305235097,0.05910853453739279,1.177660341648289,-0.646789944209326,0.9193747582397153,-0.2848441615159167,0.26943119024550644,0.1406169486567344,0.02159126496380513,-0.06738140591498305,1.0268436890657686,1.086580074471369,0.41728908320138164,-0.15719871813299763,-0.6500334573479721,-0.06246270280577591,-0.46529176092393804,-0.5319576284521559,-0.12886528807365283,0.0023750892893115096,-0.17889628473297134,-0.19446302889481792,-0.2566019805450308,-0.25187500655315287,-0.34851261940801037,0.23821471313423304,-0.33775584072864223,-0.3757187083805691,0.9998721833966137,1
537,-1.787447646753148,-0.4225539501677016,1.4258191133533682,-0.32153180117225877,1.2081219662050207,-0.12652239595957793,-0.17469639771685075,0.26144303511700173,0.1979241390982106,-0.11531714962682203,0.8529109615403123,1.0738970508319094,0.4081085921609228,-0.29155416795695144,-0.42257661544302566,-0.4239376839501327,-0.09884295321661934,-0.7942320905244853,-0.23081771419930452,0.11822938329372332,-0.06726115234762364,0.06674687063037874,-0.1574814772032511,-0.35304932161984415,-0.3134565256075619,0.3560945098677787,-0.3040003954959942,-0.34392728248296855,1.093259759013616,1
547,-0.9981032676072682,0.12984429633297417,0.9695484877060726,-0.3236951522758842,0.6046872330112187,-0.48348590041047956,0.22588179947157205,0.05390529666819113,0.021237556892324018,-0.12067854111157668,0.7868155322508432,0.9111548289521334,0.4107800465769892,-0.20102850411950252,-0.24313281247322277,0.06856041574880002,-0.3544217826044522,-0.4818052830224722,-0.1545494520546088,-0.015993669906916846,-0.20606525355379016,-0.34738782847723754,-0.16561136349908478,-0.09399126970381022,-0.1975957702440348,0.20425836032347194,-0.26532073693330444,-0.2811256406241618,1.0716679952898225,1
522,-1.8495364073637064,-2.0879845056496977,2.364908078569576,1.0052309423953278,2.25139026070634,0.38369254757532434,-1.6892312307578257,0.6552770530517648,0.8037723273797139,-0.3632940273020822,-0.11630772682582892,0.7182439654011351,0.053977025279579705,-0.7000026608898897,0.5533467940162106,-1.8019176593733075,1.2885145830263307,-1.755011445370416,-0.7046675578526492,0.5168039226670839,0.3723047553470867,1.0666782503447891,0.219566045936473,-0.6821323278488511,-0.1333573756059988,0.6758530879532707,-0.12178102594012373,-0.16468159179850492,1.4295879341872182,1
508,-1.2934395706819521,0.24247131044446724,1.4913676505311952,-0.1956752592966629,0.9457576968423046,-0.6263837084501402,0.6040726727408738,-0.02260951409655279,-0.06747726468588836,-0.3456149963825718,0.21588842548237852,0.26701026638462166,-0.6258713607144766,0.029042732834891588,-0.4605893044757291,-0.3851112991747944,-0.22078846700663018,-0.6718249546669202,-0.7196996062878777,-0.06362323642441921,-0.044491979964192796,0.06797395580195262,-0.25973015056356136,0.1046130564490462,0.06378252159648662,-0.14093522363543834,-0.21294146795532448,-0.24197459198825033,1.0,1
489,-1.0112549481387365,0.36274597721735585,1.6842760846216853,0.09654715026361704,0.9616909238959553,-0.8384904019980199,0.816429080641407,-0.1260911299288755,-0.12512667165225627,-0.5226101615439696,-0.3201861087073161,-0.26890440226642776,-1.295939285031002,0.1517543933633076,-0.32292769572840185,-0.5882729440117417,-0.06528114158713455,-0.7570532100730076,-1.0868033777173016,-0.10584081843316925,0.04112102291961403,0.2327992099089887,-0.2583676913854911,0.3214703205099778,0.31660401937986415,-0.38262192064782186,-0.1291450283339455,-0.1522187926448855,1.0,1
517,-1.4173280145749345,0.18966672750175867,1.4066744255853794,-0.3239706258719142,0.9387624797107684,-0.533261808446861,0.5108411398231958,0.022822360402683872,-0.04216725574192907,-0.2679082262871575,0.45124299318652583,0.5022946477950001,-0.3316892337863462,-0.024831771499805505,-0.5210273337978231,-0.29591657335753807,-0.28906136007411276,-0.6344069130925364,-0.5585288288736293,-0.04508831239897059,-0.0820789384904529,-0.004389818175344173,-0.26032831550223723,0.009405497832758097,-0.04721453295874123,-0.034826717322649164,-0.24973089473167193,-0.2813803760837932,1.0,1
412,-2.2823543874512993,1.8530896586987033,-1.4642035608901836,3.755522469641445,-0.44705440508679306,-1.367453563042861,-2.391242165572074,1.3265108840475057,-2.624616788643589,-2.63136597431002,3.0905683656957126,-2.6909685921307407,-0.5417740966868012,-4.074461619904395,0.33413615502002947,-1.0847088785848866,-2.7069541691128913,-0.043930085495795634,0.3879214561724079,0.12045666712341464,0.48094811513142643,-0.043224338318097355,-0.4546227104027112,0.2911576432387408,0.024753854333145364,0.18109354660981228,0.22957365796616014,-0.1557886855872089,0.05207435694503115,1
433,-2.1919710804227166,1.5538436950597672,-1.023523161931962,3.02215093564543,-0.21972528611132658,-1.188661359995543,-1.949055075367456,1.129399430124266,-2.1844649221990804,-2.2050302820876357,2.753312445367867,-2.058788569546631,-0.38005869407994664,-3.4245712377972004,0.1659452701714731,-0.9151554239150838,-2.334489532049763,-0.12594881336965935,0.30007337605316947,0.10092931465007039,0.37116390009844735,-0.06795910462436555,-0.4225858013424552,0.20329048041419887,-0.03504947590109664,0.1909383189082095,0.13404915983038723,-0.19364833174197202,0.2096342204093653,1
535,-1.8290264078011316,-0.8269738192959029,1.6289781149915092,-0.036382790624868044,1.4527502005627064,0.014099581661027094,-0.5523014966294051,0.3642397466589031,0.34636961137419753,-0.15693376727194305,0.6753922911348034,1.0411278264954527,0.3885009124774198,-0.39963418747177293,-0.20545455983492855,-0.7296701671251588,0.21364983481462263,-1.0127848940149682,-0.30758430512551227,0.21629800436333327,0.02827980414712747,0.2869410781623173,-0.06865088631848615,-0.45138837790250463,-0.2950912662343485,0.45460309064345567,-0.26900443663160284,-0.3102016491475297,1.1726130473303402,1
511,-1.3283791982310738,0.22757910256026243,1.4674820511762063,-0.23185774882966143,0.9437848713428396,-0.6001210127495494,0.5777790578271922,-0.009796593666032472,-0.0603392116280037,-0.3236997513454777,0.28226427684645594,0.3333663234653399,-0.542904672107457,0.013848780463725535,-0.4776343344071807,-0.3599561644304029,-0.24004312370035244,-0.6612721347658497,-0.6742454318894922,-0.05839592609788178,-0.05509243865383656,0.04756556877757745,-0.2598988479780541,0.07776215306060916,0.03247858699739464,-0.11100998142668964,-0.22331700282298034,-0.2530880047999303,1.0,1
537,-1.7870678417835246,-0.41885974013743876,1.42396333899884,-0.32413652071077825,1.2058873873773341,-0.1278069201876315,-0.17124712964085798,0.2605040292178238,0.1965681504475757,-0.1149369988526733,0.854532521960142,1.0741963842882223,0.4082877002920666,-0.29056690120118256,-0.42455993658238467,-0.42114494281118464,-0.10169744697435301,-0.792235700088632,-0.23011648280135166,0.11733356656644345,-0.06813387989324271,0.06473548664021078,-0.15829290830466575,-0.3521510345775455,-0.3136242847375254,0.35519467428859963,-0.3043200692611191,-0.34423535234415836,1.0925348991933852,1
192,-0.06636494940894311,0.5125731879699146,0.5086327692348349,0.05540819780488826,0.8304854817839086,0.20954924492755111,0.29421641100627705,0.13958447440782223,-0.11174178791641759,-0.1367348149444481,-1.443435974695396,-0.7524014641316772,-0.5697636063426219,0.3650189566896916,1.3232568449285476,0.0915841481617088,-0.4077931796082058,-0.1460038427333637,0.706484001672485,-0.04030028913036008,-0.13267817050300745,-0.36727558254230763,0.11914342526614724,-1.2770213813657099,-1.3077253051513607,0.08814054964369764,0.1872243656478969,0.18280115427835308,0.9907718297836419,1
422,-2.269797511379545,1.346516039362279,-1.0548111630000063,3.6088397799575773,-0.1159214651215228,-1.1514341673295707,-2.479227978464185,1.3095230530280508,-2.2624399003095714,-2.4395967284417406,2.758351705890057,-2.3817833329751883,-0.47231162902008333,-3.8204290765602718,0.43064747556560196,-1.2565036392915645,-2.2401707521769554,-0.27516614647528126,0.2752000484374041,0.19416170700064495,0.5043290493439442,0.13246221057263896,-0.36133037487540437,0.1599210948914681,0.008600044987758793,0.270847260002543,0.20862698069084873,-0.1470584101205301,0.20420883800068945,1
490,-1.7834656636569355,-2.1765913759525852,2.256202577150865,1.0327524311367358,2.2904418340239054,0.5583815331736564,-1.8582830754185413,0.7204288642596673,0.8455662140577692,-0.3091600276863843,-0.2240502202527145,0.7160207799155263,0.20700464068164137,-0.7141879562322646,0.7740938889858134,-1.7716631413283368,1.3034074673861453,-1.7259263026630047,-0.4775841324161796,0.5513090226831487,0.36475433521367856,1.0302878671647724,0.2824676341315077,-0.9101603178143381,-0.34176575733267667,0.7787857917309867,-0.08731896668897876,-0.1290614903657261,1.4466159714703737,1
492,-1.055327798475219,0.34396094442507463,1.6541467867609796,0.0509065536731913,0.95920240157683,-0.8053626345248999,0.783262311669225,-0.10992891057740511,-0.11612273067802198,-0.4949662688536632,-0.23645960192035043,-0.18520286399084007,-1.1912850941770803,0.13258874003936771,-0.34442829850653933,-0.5565422540601973,-0.0895689678253998,-0.7437418817975743,-1.029467476737476,-0.09924708856698967,0.02774960307062138,0.2070560680947335,-0.2585804863241503,0.2876005877896105,0.2771172325619693,-0.34487421657470485,-0.14223272924719255,-0.166237252884283,1.0,1
438,-2.1699278845776115,1.4808618845993002,-0.9160475156130778,2.843292107809147,-0.16428296544821253,-1.145056498910924,-1.8412119686035597,1.0813267657685648,-2.077118177400768,-2.1010531045713883,2.671060550121803,-1.9046089040163852,-0.34061862037578816,-3.2660722688879456,0.12492591896643501,-0.8738037614192797,-2.2436507343770686,-0.14595200799627556,0.27864848579027546,0.0961668726786763,0.34438910027940794,-0.07399156034873453,-0.414772457441864,0.1818609361524184,-0.04963465278697887,0.19333931806345625,0.11075210100793997,-0.20288175793816002,0.24806081755272913,1
194,-0.07184844912929389,0.5110653111429522,0.510857443562602,0.05307322351689381,0.8307810595739714,0.2079052703523861,0.2941339943068642,0.13958790762799186,-0.11129842409702312,-0.1365041985170049,-1.4352217127172988,-0.7462864171786654,-0.5664814235610357,0.36328245986566193,1.3166951896878376,0.09107190608267991,-0.4079843759400322,-0.14728723001693367,0.7037062684425783,-0.04015838344109902,-0.13283185662364716,-0.3667009400799222,0.1178939832512702,-1.273612528104219,-1.304535696942623,0.08863958160074256,0.1854786827554884,0.1809439441255294,0.9908020906038101,1
439,-2.166968038905755,1.471062266733833,-0.9016162449015943,2.8192758748107836,-0.15683845903428173,-1.1392014649920612,-1.8267313572150077,1.0748718184674708,-2.0627042149149357,-2.087091590052082,2.660016193493264,-1.8839064605542515,-0.3353228124416183,-3.2447898518366087,0.11941805386467086,-0.8682512752860375,-2.231453373158781,-0.1486379329163704,0.27577166297564193,0.09552739674444463,0.3407939194392027,-0.07480156712324704,-0.41372332226702824,0.178983488423024,-0.05159307446876643,0.1936617117402954,0.1076238931379398,-0.20412157437654024,0.25322054112630643,1
449,-1.547962842816403,-1.8306698668221704,2.0273769376617965,0.9163570723843237,2.104331821163874,0.5194598490211944,-1.5850331901533208,0.6467541808699664,0.7227247939765702,-0.28803877196836836,-0.4052652586088863,0.5100128796637188,0.0978768253893158,-0.5717042331803848,0.8649645572262884,-1.5337063084538602,1.087008834715896,-1.5214067375097269,-0.318433662017771,0.47582119861935224,0.30216630887276685,0.8511879279033161,0.26579617562518937,-0.9677128151495781,-0.4745876532130118,0.6895828829126206,-0.046854201083805794,-0.08350307513795709,1.388707232403152,1
478,-2.1290884957131766,-0.6614470635635152,0.785887770437883,2.3185659726484515,1.2313953222118381,-0.23907254170890302,-2.2863519780062056,1.0371382834952538,-0.5789028726377806,-1.3363325313628456,1.2869537885296756,-0.6635087292546451,-0.0646996633801753,-2.2656477898368186,0.5663631635083907,-1.6403912088578552,-0.2839128402451281,-1.1319211599721242,-0.1949096525946698,0.4171892591088482,0.46153727063724753,0.6879872633420856,-0.016826835948749008,-0.371611990431844,-0.11051991198590085,0.57929146050935,0.03445945633778219,-0.15960257588981988,0.8814344112759239,1
270,-0.4400580853595153,0.4098134088450083,0.6602413346418167,-0.10371716164506883,0.8506287109110949,0.09751458718216921,0.2885998237118545,0.1398184437480283,-0.08152713951921906,-0.1210186153697273,-0.8836450611074227,-0.3356692330940716,-0.34608726113156185,0.24667903203691588,0.8760888593395035,0.05667553894491201,-0.42082295264845304,-0.2334649611968918,0.5171852154127661,-0.030629607132805433,-0.14315167306575466,-0.32811447106778435,0.03399563124056382,-1.044712613198154,-1.090357792656889,0.1221489068020959,0.06825842278146244,0.05623477851066755,0.9928340640066378,1
190,-0.07623831977647466,0.33109263868489824,0.5973800317462052,0.18896916580825074,0.9412770903041794,0.2762271062423698,0.12258354083684075,0.186340000331355,-0.044946394560779646,-0.15604600055842457,-1.5377298929624195,-0.7773894438347639,-0.5840941222972913,0.31871732780581796,1.432841368201264,-0.0466459619307964,-0.265328149259211,-0.24330544596996617,0.6761431727849034,0.004076183128259636,-0.08896417901621412,-0.26805884691357873,0.1616114604229652,-1.3273748412270372,-1.3046296912067303,0.1321283778416179,0.20602169928819503,0.20120449941353813,1.0268189497941724,1
540,-1.1320253257360842,-1.7330514982604084,1.891310204851182,1.0202553385912585,1.7103522820897277,0.15130101068257612,-1.5225542258171916,0.5221434611527215,0.7070784473694534,-0.31727038388045187,-0.05516014702119775,0.7438917972642576,0.31856445247851095,-0.7033720444315015,0.794436347751393,-1.3338581230427495,1.0984931727688019,-1.487440599582958,-0.5104105025356694,0.435722535101458,0.2333759486902899,0.6579868980049841,0.25247437496244546,-0.5371658930525655,-0.10191590441699411,0.6566634264860507,-0.09731704462058621,-0.11721312132264475,1.444021548032069,1
257,-0.45663263105179763,-0.22765469925075443,0.9669890717777045,0.37697596831805535,1.2418900082754298,0.3390950888168835,-0.31878145657823476,0.30534252584857485,0.15347236416615595,-0.19016196355814183,-1.2450235488846797,-0.44463660013687467,-0.4078261693660021,0.08857147433018409,1.2860631464496435,-0.431004099262138,0.0842082534969193,-0.5736542666386137,0.4190764703128338,0.12600737164622944,0.012130699971049597,0.021231097901758256,0.18853991908784168,-1.2344135658254243,-1.090090037603622,0.27621276265964345,0.1406612650124629,0.1276165826254957,1.1203556422026861,1
